Frame	2_bonds	no_bonds	303_350
0	1.991057	4.187913	2.042211
1	2.068086	3.604975	2.052868
2	2.031647	5.462896	2.025650
3	2.103473	6.302849	1.997540
4	1.955998	5.413560	2.062274
5	2.042802	5.238550	1.966599
6	1.978200	5.339744	1.967427
7	1.947653	5.585095	2.026448
8	2.047410	5.743258	1.952926
9	2.000460	3.477892	2.035621
10	2.093802	3.818849	2.030886
11	2.055035	3.679912	1.977703
12	2.047578	3.444159	2.046971
13	2.036127	3.765519	2.048070
14	2.062009	5.364509	1.985960
15	2.070637	4.676296	1.943971
16	1.982419	4.606115	1.965956
17	2.036434	4.463741	1.940801
18	2.002272	4.754900	1.954909
19	2.024175	5.218783	1.987653
20	2.045116	4.234674	2.043628
21	1.935633	5.253647	2.105303
22	2.048670	4.236477	1.968292
23	2.095036	4.492458	2.055771
24	2.082084	4.043544	2.048269
25	2.048481	4.597920	1.998090
26	2.009085	5.286727	2.034215
27	2.048709	5.125550	1.987029
28	2.031890	5.031467	2.076615
29	1.967547	4.959780	2.104937
30	1.986011	4.168222	2.018681
31	2.018391	5.440931	2.112860
32	2.027402	4.837652	2.007920
33	1.982284	5.669118	1.955071
34	2.087553	4.944311	2.005360
35	2.075121	3.720639	2.033403
36	2.047107	5.123730	1.995324
37	2.035858	3.763420	2.034359
38	2.008980	4.983560	1.967400
39	2.046659	4.117953	2.099067
40	2.016661	4.315981	1.973547
41	1.946799	5.012409	2.064419
42	2.051127	5.970366	1.963961
43	2.053338	5.416666	1.997582
44	2.072458	5.654675	1.999711
45	2.057841	5.594929	2.012514
46	2.080578	5.470113	2.057208
47	1.922681	4.657061	2.009155
48	1.945833	4.852122	2.038118
49	1.978717	5.902884	1.983630
50	2.058196	5.516183	1.966089
51	2.024931	4.745878	2.055154
52	2.084222	5.672090	2.011928
53	1.979504	5.019958	2.037928
54	1.976150	4.874096	1.991222
55	1.980825	4.917247	2.032126
56	2.048214	6.271456	2.000714
57	2.052016	5.386035	1.958977
58	2.061748	5.548195	1.978661
59	2.079893	5.053899	1.995223
60	2.019409	5.120636	2.038920
61	1.983996	5.612175	2.077467
62	2.011787	5.757299	2.045220
63	1.993057	4.773205	2.024578
64	2.046797	6.473143	2.013299
65	2.031502	6.941876	1.999046
66	2.012059	7.266019	1.992742
67	2.093421	5.043089	2.125703
68	2.068710	5.183646	2.081569
69	2.042150	4.856137	2.090944
70	2.067719	4.062065	1.926577
71	2.041039	4.867702	2.074698
72	2.013041	5.489730	1.999285
73	2.067798	5.586277	2.004307
74	2.096468	5.213537	1.951308
75	2.051613	4.269091	2.006114
76	2.039009	5.574826	2.001222
77	2.030272	4.750045	2.028766
78	1.996968	4.864900	2.025192
79	2.045445	4.924758	2.066536
80	2.066172	5.804642	2.019860
81	2.051239	5.812312	2.077079
82	2.077944	4.771496	2.036709
83	1.999206	6.346998	2.087053
84	1.963934	6.601829	2.051398
85	1.990716	5.861479	1.995726
86	2.016320	5.165323	1.933352
87	1.996335	4.888172	2.020209
88	2.022969	7.238884	1.996006
89	2.115088	7.473836	2.002591
90	2.083907	5.862129	1.970432
91	2.027954	5.450489	2.037494
92	2.002070	6.003895	2.051317
93	1.965601	5.120637	2.018172
94	1.995142	3.963447	2.034880
95	1.987420	4.508837	2.068913
96	2.054657	4.337884	1.969291
97	2.058466	4.443878	2.079596
98	1.980903	5.192111	2.035527
99	2.016677	4.918862	2.040154
100	2.065072	5.675136	2.050210
101	2.051130	4.830571	1.978547
102	2.031282	4.748052	2.015058
103	2.072544	5.257196	2.033195
104	2.097943	4.721055	1.927144
105	2.037031	4.625199	2.055365
106	2.061026	4.689522	2.079880
107	1.993363	5.133120	2.024798
108	2.036029	5.406966	2.018403
109	2.031571	5.107149	1.975138
110	2.087188	4.692307	2.019808
111	1.984948	4.573904	1.988376
112	2.026941	5.520204	2.080582
113	2.005073	5.451405	2.024072
114	1.944484	4.997927	2.051864
115	1.955657	5.715718	1.979950
116	1.957385	5.484453	2.025993
117	2.024646	5.984305	1.971866
118	2.026938	6.862933	1.986115
119	2.022429	6.040044	2.044950
120	2.073552	6.357408	2.000325
121	1.958112	5.332395	2.051987
122	2.062362	4.701931	2.031603
123	2.049333	5.467993	2.037245
124	2.045488	5.452747	2.039664
125	2.010443	5.837645	1.956470
126	2.022843	5.332770	1.996729
127	2.044283	6.245630	1.933209
128	2.084833	5.812158	2.097062
129	2.049905	5.680629	2.008962
130	2.034479	6.186774	1.999299
131	2.061668	5.533371	2.038830
132	1.995293	5.366684	2.064363
133	2.025189	6.227936	2.037557
134	2.073377	6.321184	1.963153
135	2.025947	5.174774	2.061486
136	2.009272	5.464612	2.016916
137	1.975112	5.984128	1.996583
138	2.050125	5.543691	2.061317
139	2.011676	6.424931	2.111685
140	2.051801	5.106814	2.134220
141	1.973261	6.168127	1.988018
142	2.035033	6.468075	2.025439
143	2.048179	5.688715	2.079873
144	2.005546	5.435275	1.996720
145	1.974514	5.219687	2.041212
146	1.990536	5.785243	2.010192
147	1.993210	5.793374	1.970631
148	1.981502	5.780741	1.978221
149	1.947129	5.824750	2.061576
150	2.019834	5.490435	2.056416
151	1.985764	5.153516	2.020988
152	2.066036	4.936775	2.093515
153	2.101846	5.415057	2.031512
154	2.032528	6.122352	2.059645
155	2.046494	5.817143	2.002991
156	2.042113	5.695555	1.918998
157	2.019395	6.061787	1.967273
158	1.973039	5.454994	2.011165
159	2.049141	4.043648	2.061695
160	2.049533	4.322043	2.067835
161	2.060721	4.227814	2.040102
162	1.998827	5.183131	2.063910
163	2.089090	3.834033	2.050837
164	2.039675	4.074571	2.045961
165	2.036383	3.443337	1.989769
166	2.009985	4.492850	2.023627
167	2.013169	5.687832	2.010620
168	2.014976	4.890900	2.062661
169	2.044726	5.100483	2.040702
170	2.125721	5.563095	2.012752
171	2.042264	4.444605	2.094258
172	1.902941	4.984388	2.068964
173	1.961874	5.257571	1.982289
174	1.955213	4.922645	2.041723
175	2.084499	6.331412	2.004770
176	2.046680	4.981388	2.073717
177	2.028460	5.317638	2.016042
178	1.986063	5.197312	2.001188
179	2.036236	5.788561	2.005573
180	1.956613	5.207128	2.053476
181	2.071615	4.901405	1.989544
182	2.046242	4.989779	2.059449
183	1.990946	5.168761	2.096118
184	2.019914	5.547589	2.009089
185	2.053288	4.165941	1.991396
186	2.057216	3.895683	1.997825
187	1.998258	3.870838	2.045034
188	1.976186	5.167477	2.041697
189	2.035641	4.814717	2.018100
190	2.086580	3.851019	2.036011
191	2.022742	3.675947	2.003919
192	2.072552	3.566476	2.028767
193	2.040968	4.068692	2.005141
194	2.140455	4.691643	2.070379
195	2.053150	4.917574	2.056575
196	1.963094	4.761302	2.046547
197	2.002839	4.769965	2.069546
198	2.082834	4.175562	2.011668
199	2.054925	4.271187	1.999164
200	2.068523	4.127493	2.078326
201	2.030957	4.346983	2.086190
202	2.023455	4.005791	2.058776
203	2.052286	5.556575	2.040363
204	1.968725	5.154675	1.989623
205	2.098468	5.075210	1.980580
206	1.974029	4.611119	1.992119
207	2.162548	4.196562	2.027373
208	2.022298	4.475335	2.052615
209	2.039478	5.034533	2.080335
210	2.049293	4.823925	2.003828
211	2.095478	4.391171	2.072559
212	2.001575	4.224424	1.997846
213	2.028848	4.730692	2.001267
214	2.094420	5.785709	2.073739
215	2.109209	5.024745	2.065837
216	2.036296	6.237788	2.000394
217	2.029560	5.094645	2.027392
218	2.067648	4.300504	2.057037
219	2.054196	4.401685	1.983503
220	2.007485	4.878357	2.051686
221	1.961456	4.892609	2.013042
222	2.035177	4.749889	2.047520
223	2.000187	5.930643	2.037078
224	1.944069	4.617353	2.067575
225	2.001184	5.206057	1.943457
226	2.131456	4.843957	2.049710
227	2.008968	4.120615	1.995730
228	2.059104	5.137955	2.017283
229	2.050916	4.303208	1.985212
230	1.986582	4.409571	1.991481
231	2.006941	4.687109	1.939265
232	2.033947	4.081775	2.077830
233	2.067564	4.476169	2.031478
234	2.026107	3.959931	2.005155
235	2.076535	4.171113	1.976294
236	2.016524	3.763917	1.991795
237	2.013016	4.529771	2.052187
238	2.116268	5.366414	2.060278
239	2.069698	4.936317	2.000861
240	2.059478	4.677786	1.992866
241	2.025670	5.070946	2.108273
242	2.022758	5.539948	2.067384
243	2.073169	5.142228	1.925559
244	2.057339	5.946169	1.979669
245	1.939013	5.381351	2.053307
246	2.060064	4.841034	2.030521
247	2.011085	5.708389	1.989184
248	2.129716	3.480710	1.979621
249	2.025011	4.547734	2.006200
250	2.013477	6.265551	1.956920
251	2.127996	5.042656	2.024012
252	2.012921	4.767548	1.996424
253	1.963020	4.986633	2.053978
254	2.017683	6.136627	2.018039
255	2.089588	4.235851	2.032083
256	2.073409	4.629841	2.040792
257	2.094704	4.749076	2.068460
258	1.978150	4.166383	2.022262
259	2.060575	5.246147	2.022698
260	2.037228	4.545820	2.020659
261	2.049092	6.997944	2.059000
262	1.990539	5.588850	1.977882
263	1.995490	4.824456	2.069755
264	2.018564	3.934047	2.077858
265	1.973091	5.252550	1.929157
266	1.920987	5.113112	2.065198
267	2.027039	4.941803	2.021421
268	2.079371	5.044809	2.033643
269	2.020953	4.878704	2.008559
270	2.026314	4.178609	2.041605
271	2.056686	4.348968	2.065500
272	2.033609	4.807452	2.017784
273	1.972160	4.301283	2.061754
274	2.032177	4.051703	2.008826
275	2.050162	4.367965	1.979184
276	2.082469	4.969403	2.032810
277	2.000445	5.761419	1.981028
278	2.048089	5.532238	2.032740
279	2.055642	5.480555	2.005973
280	2.033121	3.658644	1.984746
281	1.957308	5.953457	1.991971
282	2.056857	5.122553	2.083962
283	2.049400	5.195499	2.037634
284	2.052392	5.180234	2.033941
285	2.056090	5.109828	2.072094
286	2.125416	4.735674	1.985361
287	2.058133	4.730960	1.882774
288	1.941465	5.393709	2.050816
289	2.020677	3.855066	2.046990
290	2.072156	3.846382	2.099015
291	1.967782	4.012772	1.980948
292	1.971711	4.691148	2.008711
293	2.039635	5.352240	2.037988
294	2.095801	4.278649	1.955789
295	2.008235	4.987768	1.989826
296	2.025340	3.834273	1.992053
297	2.040805	4.429708	2.019510
298	1.915424	4.419752	1.982899
299	2.020592	3.491239	1.950454
300	2.044603	3.348094	2.047006
301	2.054384	5.791420	2.019830
302	2.016178	3.650540	1.914665
303	2.023628	3.886520	2.094840
304	2.045033	5.329364	1.978664
305	2.023998	4.418758	2.079227
306	2.017799	4.184070	2.020812
307	2.012941	4.040429	2.029495
308	2.046297	4.229497	2.033234
309	1.974386	4.930098	2.105210
310	2.054779	5.220857	1.985873
311	2.066163	5.601559	2.077464
312	2.021580	4.556107	1.988321
313	2.010211	3.812980	2.058300
314	2.035788	4.122732	2.068370
315	2.043674	4.849502	2.078826
316	2.103197	4.725169	2.053742
317	2.056949	5.778865	1.985574
318	2.016518	5.138944	2.037085
319	1.987893	4.736785	2.033235
320	2.111767	4.558614	2.021599
321	2.015761	3.737606	2.033888
322	2.052455	4.416180	1.984771
323	2.072038	3.614252	2.102119
324	2.011835	3.717648	2.005629
325	2.103370	3.702849	2.028585
326	2.056289	4.365278	1.994972
327	1.951331	5.152874	2.054693
328	2.061532	3.769897	2.020704
329	2.101761	4.053997	2.043234
330	2.043547	3.825253	2.054566
331	2.047835	3.423268	2.025069
332	2.048079	3.612218	2.061628
333	2.062351	3.942357	2.072271
334	2.016880	3.714418	2.092451
335	2.069937	4.027117	1.971208
336	2.006236	3.864865	2.069435
337	2.094901	4.096535	2.060236
338	2.017929	3.735728	1.982102
339	2.055490	3.587468	1.972491
340	1.997359	3.664400	2.039923
341	1.964771	4.404501	1.981460
342	2.026493	3.863127	2.032171
343	2.063560	3.686661	2.079178
344	1.981681	3.716072	1.990183
345	1.985750	3.742157	2.065221
346	2.032987	3.615500	2.066081
347	2.054155	4.021308	2.019054
348	1.985082	4.619763	2.015085
349	1.993163	3.869017	2.062247
350	2.005946	3.592836	2.019700
351	1.988688	4.103303	2.030809
352	2.032432	3.694818	2.011719
353	2.007682	3.756853	1.959153
354	2.048485	5.222378	2.053254
355	2.025001	4.674540	2.082283
356	2.071257	4.698786	2.001588
357	2.002051	4.960003	2.073045
358	2.037796	6.738956	1.993528
359	2.086991	7.205140	2.026947
360	2.048691	6.328192	1.965385
361	2.069616	6.962087	2.011966
362	2.016034	7.167334	2.079907
363	2.072742	4.015461	1.999215
364	2.055906	4.748995	2.032439
365	2.037220	4.539522	1.962991
366	2.040218	4.717371	2.051804
367	2.053426	4.640597	2.101007
368	2.047812	4.538352	1.983465
369	1.951926	4.382089	2.113941
370	2.058204	4.367289	2.001151
371	2.031390	3.883015	2.027006
372	2.081087	3.480706	1.992856
373	2.036074	3.868314	2.078695
374	1.999500	4.134353	2.075899
375	2.084125	3.618376	1.969438
376	2.036986	3.885043	2.025409
377	2.084887	3.816836	2.036516
378	2.096182	4.648152	2.021551
379	2.044657	3.899865	1.979768
380	2.078190	3.855123	2.076131
381	2.053505	3.854428	2.041280
382	1.987854	3.636697	2.073921
383	2.115718	3.813916	2.041996
384	2.039811	3.762846	1.987827
385	2.055282	3.696167	2.038115
386	1.970431	5.114876	1.941259
387	2.017628	3.674508	2.074353
388	1.996596	5.059240	2.047319
389	1.997522	4.227124	2.055203
390	2.116414	4.019709	2.076766
391	1.983992	4.955928	1.981507
392	2.029028	5.689240	2.043787
393	2.026772	5.784731	2.068290
394	2.090918	5.706479	1.944089
395	2.050808	5.019144	2.067005
396	1.938844	3.986845	2.044241
397	1.966228	4.554336	2.059746
398	2.081229	4.926708	2.060964
399	2.099555	5.286655	2.079611
400	2.082136	5.070914	2.084428
401	2.037293	4.213961	1.997346
402	1.985206	5.380404	2.034980
403	1.982106	4.999047	1.967537
404	2.006034	5.187145	2.008879
405	2.090294	4.222912	1.978394
406	2.023072	5.074248	2.005973
407	2.013052	4.754558	2.091793
408	2.060920	4.776911	2.072403
409	2.056924	4.970162	2.059273
410	2.093581	4.543367	1.975588
411	2.029335	4.908123	2.101683
412	2.069497	4.735018	1.997374
413	2.048822	4.482797	2.081165
414	2.015296	5.154215	2.019838
415	2.070416	5.024468	2.035771
416	1.955588	5.536858	1.995270
417	2.049745	3.968307	1.994357
418	1.965160	4.593761	2.025284
419	2.038471	4.543462	2.062064
420	2.036474	3.882912	2.078913
421	2.056335	4.971696	2.009792
422	2.083942	3.746068	2.020775
423	2.008244	3.625728	1.955683
424	2.061970	4.698716	2.018507
425	2.037642	3.926182	2.053318
426	2.049785	3.352525	1.949679
427	2.065676	4.039117	2.018973
428	2.066776	3.828791	2.037705
429	1.992340	3.545387	2.022310
430	2.036837	3.551139	1.926284
431	2.065608	4.095223	2.027373
432	2.056817	3.418320	2.108681
433	2.058136	4.215593	2.049342
434	2.084386	4.556923	2.046195
435	1.933303	3.768948	1.963258
436	2.048173	4.133257	1.982998
437	2.026818	3.659738	2.044819
438	2.063274	3.943627	1.985001
439	1.991602	3.826542	2.023442
440	1.978833	4.271171	2.080093
441	1.995068	5.423321	1.996646
442	2.091837	5.313210	1.957855
443	2.050766	5.091347	2.089844
444	2.010292	4.044502	2.001923
445	1.929810	3.738371	2.014922
446	1.997469	3.813967	2.006450
447	1.976709	3.763212	2.011118
448	2.036819	4.555947	2.048903
449	1.956050	3.676079	2.047582
450	2.049443	5.546351	1.925024
451	2.007146	4.617174	2.091795
452	1.980006	3.826042	2.045768
453	2.046346	4.287827	2.048258
454	2.056187	3.836749	2.022853
455	2.070980	5.431920	2.015579
456	1.999894	4.141844	2.092166
457	2.067130	4.718563	2.073280
458	2.028017	4.942876	2.033523
459	2.065992	5.336914	1.950605
460	2.043080	4.052306	2.028420
461	2.013075	4.310874	2.039688
462	2.008450	4.285292	2.019143
463	2.152724	4.362738	2.062340
464	2.029533	4.145913	2.048133
465	2.029474	4.983395	2.000229
466	2.022434	3.924106	2.055701
467	2.069609	5.392125	2.128189
468	2.090307	4.348821	2.019201
469	2.042101	4.629024	2.021955
470	2.047534	3.723169	1.983283
471	2.044755	4.958069	1.994991
472	2.036799	4.937854	2.010721
473	2.063873	3.965514	2.005571
474	2.024640	4.944212	1.965828
475	2.038702	4.515260	2.021042
476	2.096469	4.642218	2.101550
477	2.014402	3.662494	2.031027
478	2.048343	4.024846	2.018718
479	2.043421	3.712314	2.027790
480	2.034192	3.705800	2.077686
481	2.094595	4.085598	2.019159
482	2.057271	4.283245	1.988732
483	1.985682	4.155629	1.988124
484	2.036676	5.009812	2.030850
485	2.001010	4.907930	1.990896
486	2.038798	4.724943	2.027208
487	1.988955	4.047472	1.967914
488	1.976983	5.696487	2.037241
489	2.062670	3.690050	1.995625
490	2.085850	5.258543	1.942402
491	2.023819	4.894071	1.998108
492	2.011127	4.780051	2.039964
493	1.948244	5.589232	2.067766
494	2.030603	3.650759	2.006830
495	2.011043	4.419144	2.030277
496	2.010560	4.083151	1.984853
497	2.051509	5.585112	2.072821
498	2.000196	3.497523	1.947237
499	2.040950	3.425911	2.033861