TS	2_bonds	no_bonds	303_350
0	81405.0762	72134.3045	81729.1810
50000	82808.4241	71924.8896	82294.2393
100000	82459.6690	72409.8677	81885.6622
150000	81661.4523	72805.4405	81734.4260
200000	82613.2475	72257.2245	82504.8214
250000	81928.6204	71908.0449	81637.1064
300000	81707.5699	70948.1879	82614.8539
350000	82291.4675	72136.9933	81750.1456
400000	82541.8002	72471.0461	82116.4512
450000	82885.7636	72040.1836	81662.0845
500000	81767.1232	71380.4403	81530.7492
550000	83070.7920	71929.1413	82463.0374
600000	82733.9909	71419.1507	82505.1372
650000	81849.8173	72570.9276	82435.5472
700000	81698.9611	73164.1027	81781.8718
750000	81727.6973	72743.1882	81758.3897
800000	82800.6997	72345.9939	81540.7992
850000	81817.5208	71660.6197	82590.2997
900000	82197.7061	71372.0520	81685.2254
950000	82743.2392	72074.8974	81547.0093
1000000	81854.0414	72069.7163	81525.4659
1050000	82502.0238	71968.1939	80822.8521
1100000	82627.5436	72162.9588	82460.2016
1150000	81943.4611	72619.6906	80988.2392
1200000	82582.7545	72760.5003	81844.4764
1250000	82062.6056	71857.9586	81219.2929
1300000	83092.8530	72046.7146	81427.5088
1350000	82386.3681	71909.6287	81952.9911
1400000	82099.6381	71434.8334	82563.9009
1450000	81752.6871	72413.8465	81024.6504
1500000	82909.6363	71897.4903	82320.6098
1550000	82241.5219	72044.5044	81598.3289
1600000	81079.0472	71998.2932	81250.4210
1650000	82290.5934	71487.8383	81983.5010
1700000	82708.3685	71699.0741	81723.2507
1750000	82858.9032	71674.2991	81733.3477
1800000	82317.0325	72419.9629	81850.4431
1850000	82580.1818	71545.8851	82038.6823
1900000	83075.8180	71631.3028	82483.1551
1950000	82658.8820	71557.9995	82434.9217
2000000	81656.9616	71680.3347	81098.2411
2050000	82738.7072	72539.7051	81792.2292
2100000	81987.8250	71535.1700	82819.4305
2150000	82374.0925	71979.6035	81635.8451
2200000	82447.7619	72024.0522	82192.4073
2250000	82490.1535	72316.2164	80511.0733
2300000	82468.4328	72239.8610	81678.5132
2350000	83121.9015	71258.2979	82007.0327
2400000	82574.3498	71841.0706	82224.7777
2450000	83209.1003	72402.1354	81882.3444
2500000	82390.3317	71414.1724	82619.8125
2550000	82220.9878	71876.6138	81698.7356
2600000	82905.0497	72451.1223	82858.3076
2650000	82095.9661	71047.8612	80880.2766
2700000	82748.7186	71725.1400	82482.3178
2750000	82167.7098	71625.1416	81759.6069
2800000	82347.4071	72132.4316	81957.2701
2850000	81980.6915	72412.2916	82446.6244
2900000	82397.9291	72109.6302	82484.9565
2950000	81805.3902	71198.9229	81174.9322
3000000	82086.9997	71478.5198	82274.3797
3050000	82135.0436	71831.3614	81825.5391
3100000	81515.5319	72313.6657	81803.5355
3150000	82208.8762	72270.3284	82402.9160
3200000	82864.0024	71713.1307	81785.2318
3250000	82324.4026	72409.8476	81812.6464
3300000	81243.5046	72155.3785	81891.6709
3350000	80870.7963	72490.4338	81744.8118
3400000	82003.1468	71856.9489	82681.7225
3450000	82559.2440	71505.4013	81968.0500
3500000	81754.2901	72286.4085	82242.8555
3550000	82482.3915	71498.1942	82368.9869
3600000	82350.7808	73199.9345	81933.3915
3650000	82644.2287	71786.2399	81876.6699
3700000	82487.1946	71145.2686	80817.7050
3750000	82056.9892	72095.8132	83084.9213
3800000	82205.3938	71386.6690	82264.9166
3850000	81743.4299	71054.6834	81772.2803
3900000	81264.0890	72354.5489	81517.7987
3950000	82237.3572	72880.9401	82518.8330
4000000	81619.3662	71754.7208	82768.5930
4050000	82022.3626	72678.6993	81489.7538
4100000	81567.3581	70932.1654	82284.7331
4150000	82361.0806	72126.8923	82347.2442
4200000	82438.0876	72029.9007	81804.8330
4250000	82518.0717	72293.7321	81546.3221
4300000	81544.3276	72177.3519	81398.0532
4350000	81851.6901	71716.3173	82020.4774
4400000	82314.7391	71894.1220	81616.2977
4450000	81377.0966	70903.0654	81973.8618
4500000	82335.6625	73093.7043	82613.5444
4550000	81915.8187	71998.4511	81781.6294
4600000	82875.7719	71604.9953	83200.1688
4650000	81591.7463	71763.4342	82979.9092
4700000	83032.5784	71267.5513	80843.8784
4750000	81404.5417	72183.4232	82089.1962
4800000	81865.1774	72607.5689	82064.4114
4850000	82081.7858	71970.4026	81807.7577
4900000	82161.4229	72063.8323	81907.7084
4950000	82296.7985	72467.9061	81674.8161
5000000	82719.1675	71066.1174	81160.4203
5050000	82113.3549	71172.5458	81492.2083
5100000	82051.7971	71534.5742	82414.4916
5150000	83123.5421	71500.7643	82886.3804
5200000	82591.9202	71224.1449	82033.9956
5250000	82803.0074	71814.2545	82024.0647
5300000	82937.9206	71837.0704	81502.9164
5350000	82388.0083	71635.2660	81029.8455
5400000	82841.9843	72108.3999	81636.8089
5450000	82290.6799	72348.5863	81576.3680
5500000	83331.0648	71040.1621	82732.3598
5550000	81669.0598	71770.8419	81152.3514
5600000	82957.4143	72783.6231	82651.8358
5650000	82069.2059	71606.2965	81789.7874
5700000	82123.2276	72320.2884	82335.4406
5750000	82919.6951	72058.0789	81674.3057
5800000	82409.1644	70802.2754	82542.0776
5850000	82546.7879	72006.8755	81561.3739
5900000	82141.5956	71987.9032	81571.6197
5950000	82232.9351	71670.4282	81802.4445
6000000	82276.6134	71680.4429	81834.2438
6050000	82631.7232	71230.7643	82697.6850
6100000	82103.7461	70867.7603	82322.3961
6150000	81324.0169	72653.7973	81978.2657
6200000	82406.5528	71827.2701	82815.6257
6250000	82695.1999	71834.9831	82556.1921
6300000	82528.8563	71155.2805	82022.7849
6350000	82985.8854	71500.1345	82067.0903
6400000	82732.2778	71127.7785	82383.3786
6450000	81215.8230	71704.0589	82146.3370
6500000	82891.7430	71975.5807	82047.5831
6550000	83053.1771	72351.9971	81290.1648
6600000	82870.8390	71907.7546	82128.8687
6650000	82240.7602	71927.4061	81049.0459
6700000	81727.0701	71219.0889	81397.1966
6750000	82727.7200	72676.3338	82224.7048
6800000	82379.9168	71825.0701	82545.3566
6850000	82663.4862	70983.3040	81528.6439
6900000	82125.6093	71605.1660	81709.8927
6950000	82306.3354	72822.0367	82332.9455
7000000	82690.3162	72311.4020	81803.3901
7050000	82385.7003	71756.7470	81242.1489
7100000	82221.0397	71410.5238	82104.8158
7150000	82311.3997	72132.5458	82455.5800
7200000	82615.3653	72781.4957	82182.9631
7250000	82211.4536	71624.9096	82149.1490
7300000	81818.4291	71829.2793	81771.0601
7350000	82836.0695	71783.9933	81083.1109
7400000	82994.7441	72632.1255	81275.7447
7450000	82657.4386	70788.9857	82217.7392
7500000	82474.8497	72329.4139	82234.4596
7550000	82294.8701	71990.9739	81800.6560
7600000	82059.3997	71304.0034	82188.2932
7650000	82482.0553	72083.8456	82567.1197
7700000	82021.9814	70859.5892	82190.8815
7750000	83512.8087	71760.0852	81872.3183
7800000	82478.4110	71917.8806	82464.3331
7850000	81410.1923	72385.1560	81222.5560
7900000	81245.2369	71992.8263	81515.0529
7950000	82288.5652	71532.9174	82206.3388
8000000	82320.5447	70999.7578	82599.2179
8050000	83080.4445	71263.8821	82252.6786
8100000	81443.8995	71358.2056	81504.0188
8150000	82941.6252	72049.2284	81807.6594
8200000	81634.5411	71248.8955	80793.4146
8250000	82357.9122	71516.2415	81643.7334
8300000	82264.0123	70438.5385	82650.1069
8350000	81784.7277	71529.1067	82583.2665
8400000	82232.8039	70924.0440	81825.4996
8450000	82307.9192	71733.9491	82340.0857
8500000	81857.0173	72396.2912	82597.8906
8550000	82344.2871	72016.2212	81489.5116
8600000	81697.9238	72048.7655	81900.1851
8650000	82695.5073	71265.9776	81675.6182
8700000	82235.5100	71981.2714	81712.4260
8750000	82253.8629	71130.0790	81982.0645
8800000	81395.4159	72028.1558	82974.0785
8850000	82908.9377	71874.0532	81228.1001
8900000	81734.9159	72171.7364	81969.6269
8950000	82201.4140	71319.3970	82652.6701
9000000	82401.1978	71839.7795	82401.1251
9050000	82496.9120	73041.3472	82500.8046
9100000	82339.2100	71446.5391	82407.8124
9150000	81780.2703	72351.5876	82260.0858
9200000	82020.2833	71867.3480	82440.8003
9250000	82091.2336	71076.9127	79869.1576
9300000	82341.2629	71713.1724	81480.6197
9350000	82022.4678	73047.4067	82001.0634
9400000	82072.2032	72515.9624	81315.2272
9450000	82070.5973	71915.6483	82115.0758
9500000	81979.0468	70678.5954	81935.3444
9550000	81828.1507	72044.3555	82563.5246
9600000	81829.9939	71002.1698	82700.4288
9650000	82797.3305	72436.5849	81599.4110
9700000	82582.7046	72748.2785	81854.3487
9750000	82603.9946	71233.2163	81580.9023
9800000	82150.8494	71354.6514	82257.9250
9850000	81861.4022	71859.0015	82090.4944
9900000	81900.4944	71454.6571	81639.3285
9950000	81891.8970	72432.3775	81431.7315
10000000	81200.9904	70775.4043	82339.6624
10050000	82291.1287	71963.5808	80721.2311
10100000	82394.3229	71953.1324	82046.7704
10150000	81827.3355	71379.0815	81874.7577
10200000	82618.8931	71741.0334	82063.2760
10250000	81987.8923	72289.3689	81359.4617
10300000	81675.4915	71442.3387	81028.9462
10350000	81600.5377	71306.7310	81760.1455
10400000	81655.6467	71653.7582	81247.1398
10450000	81964.9048	71866.6936	80703.8127
10500000	82055.6642	71527.3665	82169.6907
10550000	82916.8347	72210.9151	82852.9980
10600000	82682.7324	72481.2593	81982.0155
10650000	81689.4036	72031.8861	81689.9970
10700000	82254.6804	70555.5096	82205.1117
10750000	81905.5455	71875.4563	82339.6799
10800000	82437.6546	71471.3992	82432.9865
10850000	81860.0030	72109.8823	82733.8245
10900000	82524.8702	72784.3318	82078.5247
10950000	82770.0126	72056.4655	81956.3745
11000000	82835.2577	70820.5834	82524.6459
11050000	82188.3965	72453.8337	82239.2414
11100000	81719.2005	71444.2730	80819.9306
11150000	82061.8774	72696.1269	80857.6161
11200000	82699.8616	71215.8261	81542.5015
11250000	82128.7525	72277.8466	81175.9062
11300000	82296.6377	71722.6227	81694.7831
11350000	82207.7503	71963.9184	82189.2418
11400000	81579.8679	71508.1956	81929.9555
11450000	81657.8904	71527.2070	82249.0156
11500000	82149.2215	71344.9278	81455.6076
11550000	81974.7010	71853.1924	81524.0090
11600000	82237.1495	72011.7568	81941.9363
11650000	82461.7958	70956.6310	81133.8606
11700000	83003.2315	71971.8149	81990.5016
11750000	82456.9183	71983.1977	82261.6847
11800000	82135.5997	71922.3417	81826.1941
11850000	81949.5256	72186.4219	81949.3006
11900000	82862.0430	72074.5383	82165.8940
11950000	82078.7712	72161.6416	81250.0667
12000000	82316.5020	71883.2205	81884.4057
12050000	81512.0506	71442.4852	82211.0606
12100000	81422.7766	71343.1534	81782.3386
12150000	81836.8818	71676.7988	81669.0732
12200000	81621.5354	72486.9295	81129.7528
12250000	82516.8469	72157.6914	82097.6229
12300000	82555.0670	71749.8840	81327.2694
12350000	82157.2194	72014.5695	80094.9699
12400000	82098.4919	71331.7491	82301.6201
12450000	82190.6740	72084.7438	81410.9127
12500000	81427.0298	72015.6320	81474.8989
12550000	82471.0710	71576.0637	82231.5031
12600000	82757.0877	71032.4009	80847.4859
12650000	81962.8039	72549.9397	81901.7653
12700000	82850.2677	72140.5195	80969.4668
12750000	81462.1889	71905.2659	81456.6673
12800000	82834.3407	72246.8347	82659.6260
12850000	81058.6413	71496.3449	82219.8818
12900000	82139.9436	72650.8723	81238.2526
12950000	82482.9218	71679.0897	81318.5622
13000000	82537.3013	71947.9670	82058.3761
13050000	82035.4085	71064.7517	81793.7318
13100000	81480.7936	71378.7494	82502.8836
13150000	81972.3887	71915.1281	81525.3294
13200000	81748.5322	71369.4774	80712.1054
13250000	82305.0609	72137.0604	82960.4875
13300000	82412.7467	71716.6939	82325.2826
13350000	82222.8506	72150.6297	81681.7650
13400000	82122.0828	71786.2413	81669.4286
13450000	82230.4383	72132.4784	82811.1448
13500000	81926.9091	72046.7930	82246.4827
13550000	81136.2924	71312.5912	82054.5728
13600000	82762.7814	72856.4487	81354.5756
13650000	82116.8484	71952.4401	82263.2304
13700000	83228.6081	71732.4873	82497.5397
13750000	82490.2448	72474.0060	81255.1080
13800000	82311.6317	72592.6574	80815.6627
13850000	81631.4846	71379.1409	81944.5175
13900000	82416.2811	72045.0925	81893.6568
13950000	81942.2220	71577.4852	80978.8854
14000000	81302.1652	71247.1005	81070.2682
14050000	81400.1354	72525.3995	81751.2911
14100000	82124.4798	72363.2476	82177.5327
14150000	82436.1792	72494.7081	82939.0896
14200000	82034.8627	72382.5897	82755.8905
14250000	82156.3040	70985.3545	82214.8396
14300000	82167.4104	72350.4786	82023.7026
14350000	82819.0480	71702.4060	81683.7429
14400000	82012.3812	71854.4079	81592.9862
14450000	81875.3834	70801.7850	82155.7913
14500000	82009.1719	71907.1399	82153.1469
14550000	81116.8426	71996.9863	82023.7135
14600000	81745.1095	71451.5791	80858.8402
14650000	82353.2089	72537.0662	81661.6924
14700000	81843.5352	72338.5414	82975.3880
14750000	82920.2469	72414.8226	82197.3437
14800000	81372.8738	70827.1165	82121.7447
14850000	81744.0153	71283.8237	82183.0387
14900000	81699.8927	72171.1738	82432.4930
14950000	82236.9274	71635.9470	82137.4579
15000000	82315.9917	71322.6255	81938.9317
15050000	81611.1786	71320.8280	82734.0986
15100000	82121.3173	71393.9151	82057.5898
15150000	82230.4960	72341.3434	82001.4739
15200000	82269.9850	70548.6768	81532.3317
15250000	81879.4434	72137.0707	81829.8286
15300000	81775.7803	71960.6521	81138.7416
15350000	83060.8221	71861.8556	82136.1664
15400000	81242.9780	71729.2038	82493.4919
15450000	81112.0382	72196.7506	81894.8883
15500000	81270.5014	71946.6644	82412.4181
15550000	83526.7205	71610.9195	81858.5324
15600000	82267.0863	71665.8535	81811.2830
15650000	81184.0319	71387.4893	81362.7422
15700000	81606.5628	71971.4030	82201.5683
15750000	80861.7222	70911.9142	82403.8450
15800000	81835.3353	70674.7410	82314.9731
15850000	82232.4935	72309.8686	82645.9811
15900000	81936.9393	71522.7603	81873.2087
15950000	81518.7535	71514.7260	81392.1902
16000000	81860.6909	71710.4748	81973.2495
16050000	82119.1725	72226.1511	81195.2693
16100000	82088.4839	72251.5856	82778.5817
16150000	81936.6358	71904.5239	81694.6976
16200000	81583.2271	71923.0588	82277.9578
16250000	82389.5541	71071.4020	82147.1545
16300000	81759.9760	71610.2648	82237.2079
16350000	82126.3921	70937.9977	81394.6660
16400000	81919.4812	72097.9943	82620.7102
16450000	82021.2623	72127.2770	81507.8429
16500000	81068.2603	72168.7781	81311.2147
16550000	82152.1011	71721.2067	82009.8743
16600000	81348.8633	72069.3089	81486.5848
16650000	82565.8360	72178.5132	81517.3180
16700000	81798.5434	71308.7150	81371.3914
16750000	82345.7104	71444.8460	82249.8020
16800000	81900.7290	71729.0871	82124.3528
16850000	82117.6889	71623.4054	81753.7868
16900000	80691.5412	71556.8880	81926.1549
16950000	82678.0950	71671.8914	81825.5331
17000000	82149.1700	71012.8868	81399.2227
17050000	81704.1682	70829.7586	81562.9926
17100000	82210.8778	71479.6809	82144.2098
17150000	82079.3206	72101.9276	82209.1045
17200000	81715.1137	71599.7141	80997.6054
17250000	82736.4784	72312.6011	82366.6992
17300000	82988.6076	71173.9617	81720.9042
17350000	82255.5737	71118.0176	81946.7078
17400000	81532.3188	72017.0098	82021.3344
17450000	82002.3445	71327.6195	81717.3031
17500000	82082.9759	70964.5212	82170.2905
17550000	82460.1972	71911.4549	82065.7320
17600000	82224.9813	70974.3897	81135.1395
17650000	81767.7061	71336.4081	82155.3141
17700000	82126.0241	71731.9141	81416.8883
17750000	81691.2584	71472.3049	82449.0664
17800000	80836.8611	71074.8587	82212.0594
17850000	81999.2989	72751.9564	81476.9354
17900000	81953.6680	71756.7947	81113.5124
17950000	82694.8475	71795.0699	81643.6528
18000000	82946.6913	72401.8820	83232.5520
18050000	82385.3120	71348.7299	82314.3005
18100000	81623.6449	71032.8196	81442.7585
18150000	81750.9498	71416.0492	82411.7787
18200000	81216.5892	71817.1758	81375.5864
18250000	81986.0579	70993.0976	82170.9582
18300000	81951.6795	71841.1428	82072.5256
18350000	81799.9413	71480.2150	81830.9227
18400000	82859.7037	71722.5801	81561.4567
18450000	82282.4401	70504.4521	82145.3942
18500000	82060.4797	72548.8834	82337.5099
18550000	82291.9773	72187.3020	81955.3580
18600000	82366.0333	71935.4435	82505.9834
18650000	81806.0643	71469.7237	81426.3544
18700000	81348.8198	71796.2012	82514.6155
18750000	82213.8677	71651.9864	81783.1777
18800000	81319.6186	72588.0798	81877.0631
18850000	82156.8643	71540.4611	80959.1799
18900000	82089.1336	71714.8158	81903.1200
18950000	82412.1131	71668.2613	81742.3064
19000000	81591.7559	71847.5487	82028.9814
19050000	80754.5881	71248.5606	82070.7693
19100000	81881.4651	71574.2028	81862.1291
19150000	82286.9394	71871.3687	81263.4769
19200000	82145.1910	71494.9297	82143.9866
19250000	81892.5987	71696.0852	82349.3818
19300000	81057.9533	71722.5693	81165.6612
19350000	81686.6151	72037.3113	82399.6433
19400000	82410.8954	71804.6513	81208.7156
19450000	82568.8015	71826.4694	81902.9657
19500000	82371.5961	71027.8200	81043.2923
19550000	82991.4808	71886.2982	82672.2275
19600000	81270.0800	72083.5336	82285.1898
19650000	82203.2780	71428.0767	81564.1536
19700000	82931.4528	71759.6802	81535.7366
19750000	82245.6878	71272.8595	81607.1548
19800000	81776.5035	72053.4953	81917.5226
19850000	81921.7693	71013.9390	81827.8203
19900000	81975.8193	71913.7103	81073.1154
19950000	81816.6033	71782.2893	82345.9306
20000000	81972.9193	71251.5829	81392.8119
20050000	83028.9694	72299.7974	81668.3080
20100000	82581.4676	70912.7926	82327.3208
20150000	81855.2213	71786.9957	81817.6757
20200000	81865.2476	71911.7057	81892.5369
20250000	82322.5044	71735.4936	81197.7855
20300000	81967.3312	72275.5037	82727.8707
20350000	82399.0929	71090.2219	80451.1079
20400000	80952.2228	71634.5891	81764.9092
20450000	82390.2808	72415.7387	82624.8482
20500000	82162.1354	71725.5962	82340.5594
20550000	81669.0091	71503.9353	81846.5211
20600000	81204.7248	70620.4165	80882.1502
20650000	81976.1165	71316.3744	81899.8217
20700000	82097.4727	70743.7375	81603.4033
20750000	81784.5611	71881.2793	82455.4476
20800000	82042.8632	71676.4715	82233.1303
20850000	80820.0304	72446.0081	81648.8135
20900000	81705.4011	71471.3002	81890.3503
20950000	81986.9929	72488.8275	82268.9153
21000000	81785.6245	72071.6025	81085.1812
21050000	82329.2979	71915.7718	81969.2682
21100000	81169.2032	72163.5943	82671.7732
21150000	80951.8411	72094.3918	82282.8776
21200000	83106.0971	71850.3954	82138.5671
21250000	82163.4335	71521.3562	81329.4956
21300000	81425.3114	72027.4877	82390.2693
21350000	82674.2011	71119.9016	82231.5120
21400000	82114.8347	72495.3693	81295.8192
21450000	82490.1515	71938.7543	82023.5794
21500000	82138.7368	71985.4323	81252.4459
21550000	82441.5783	72329.6231	81150.7684
21600000	82200.1452	71457.2608	80861.3254
21650000	82395.5683	71380.6568	81621.7961
21700000	81893.7517	71362.5517	82250.5298
21750000	82103.2570	71746.7077	81506.8153
21800000	82365.1630	71196.8563	81964.1107
21850000	82356.8663	71281.8550	81341.4961
21900000	81886.3004	72081.5288	82371.5875
21950000	81978.7184	71742.3404	81832.3841
22000000	82256.4625	71728.0876	82462.7030
22050000	82664.4345	71156.0617	81518.8194
22100000	81952.7353	71587.2374	81681.7039
22150000	81375.1124	71204.8862	81953.0336
22200000	82248.4963	71598.9057	81041.9036
22250000	82330.1500	71406.1400	82075.1004
22300000	82600.2570	71450.8359	81671.8573
22350000	82692.9541	71547.4235	81685.4060
22400000	82004.3555	71547.0338	82334.5159
22450000	81539.6770	71593.9251	81812.1349
22500000	82135.1299	70799.5401	81299.1796
22550000	82534.8502	71378.3667	81780.5030
22600000	81987.9818	71519.2462	81319.5111
22650000	81550.1440	71087.9619	82101.7594
22700000	81946.5504	71562.0427	81620.3335
22750000	81669.6252	71364.8543	82094.4256
22800000	82199.1212	71166.0823	83331.0298
22850000	81899.2033	72136.1230	81991.3369
22900000	82403.2982	71907.4484	82716.8899
22950000	81275.3289	71323.0184	81490.6446
23000000	82319.3308	72457.5341	82417.1731
23050000	82077.0612	71403.8155	81951.4687
23100000	82040.7320	71022.2438	81201.6799
23150000	81484.3140	72257.4522	80930.2435
23200000	82764.2123	72323.6267	82267.5290
23250000	81412.6444	72042.8272	81901.4387
23300000	81498.9240	70894.6471	82642.5138
23350000	81565.6550	72068.0462	81953.0526
23400000	83353.2598	71061.7963	80825.7459
23450000	82415.3592	72514.3167	82224.9231
23500000	82493.5002	71381.9064	82202.4986
23550000	82808.6071	72357.1319	81199.3114
23600000	82032.2943	71649.7821	82160.9070
23650000	81992.7195	71065.9239	82518.8829
23700000	81650.0648	71134.4108	81785.4439
23750000	83112.0857	71872.5400	81484.7597
23800000	82247.5629	70568.7736	82959.6068
23850000	82243.1983	72579.6662	82362.2749
23900000	81802.9898	71879.8992	80835.7073
23950000	81753.2962	71997.9929	82191.0922
24000000	81867.9546	72287.3120	81967.6276
24050000	81561.7789	71838.9608	82565.0018
24100000	81526.3517	71625.3335	82564.3827
24150000	81856.3372	71632.3223	81999.6998
24200000	82618.2856	72506.9826	81666.8180
24250000	82758.6016	71809.8455	82240.4851
24300000	81825.2564	71564.3178	82388.8810
24350000	83068.0342	71127.6969	81679.9600
24400000	81159.5843	72410.1099	82362.4328
24450000	81683.0989	70968.9839	81997.3579
24500000	81479.2776	71945.0539	82491.2337
24550000	81670.1135	72057.9544	81946.2359
24600000	81493.4259	71583.8970	81839.4593
24650000	81930.3749	71527.2971	81973.2707
24700000	81983.0414	72041.5748	81621.1189
24750000	81268.3711	71312.7934	80970.1067
24800000	82940.9774	72326.1129	81827.0926
24850000	82088.5946	71906.7319	82177.2585
24900000	81898.1715	72221.0167	81619.6440
24950000	82632.3655	71855.0643	81411.9725
25000000	81199.9588	72141.5049	81556.8512
25050000	81845.6180	71142.5292	81462.9268
25100000	81548.8666	71307.8162	83220.2802
25150000	82215.2854	71979.7867	82283.5257
25200000	81989.8525	71989.2634	81036.9986
25250000	82447.8147	72139.0068	81060.7697
25300000	82135.9424	70422.4373	81681.5152
25350000	81912.7568	71494.8825	81405.0562
25400000	80712.6849	71884.2680	81754.3214
25450000	82918.1433	71264.8210	81516.0317
25500000	82592.5916	71534.1079	82640.3688
25550000	82253.6650	71034.1854	82459.9599
25600000	80994.1038	71441.6398	81945.3339
25650000	81444.8123	70623.6434	82142.4422
25700000	81446.8448	71241.4920	81436.1694
25750000	81614.6340	72934.6697	82317.3893
25800000	82434.7443	71595.3269	82006.9039
25850000	83109.9103	71278.0557	82091.7545
25900000	81795.1687	71436.2096	82007.2376
25950000	81899.6145	71844.2414	82608.9256
26000000	82030.8199	70905.8412	82012.5675
26050000	82485.8558	71151.1915	80992.2819
26100000	82486.4107	72027.7559	81094.3231
26150000	82212.9605	71226.6340	82340.5168
26200000	82605.1348	72003.8465	81724.0112
26250000	82779.2120	71223.6472	82708.0007
26300000	81990.2108	71234.5490	80803.1038
26350000	82067.9391	71936.0685	81391.9922
26400000	81783.6681	70829.5193	82390.7646
26450000	83066.0905	71742.3438	81200.6798
26500000	81950.9226	71258.8683	81341.2831
26550000	82188.1233	71869.1616	82283.0656
26600000	82375.7632	71433.0807	81730.6697
26650000	82065.0221	71241.6856	81487.2887
26700000	82324.9354	71738.8869	81015.8781
26750000	82323.5871	71299.1221	82001.9295
26800000	82071.1908	71699.0193	81638.8643
26850000	81827.8856	70953.1674	81281.8783
26900000	81620.8784	72540.7744	82483.8649
26950000	82329.2219	71503.9325	81549.9426
27000000	81654.6629	72521.1881	81675.4442
27050000	81621.9524	70896.8736	81584.4112
27100000	82540.4211	71988.1153	82035.6127
27150000	82088.8011	72291.0176	81855.5288
27200000	82595.7693	71879.4987	81716.6511
27250000	83002.9614	71683.0949	82220.5084
27300000	82034.0455	71947.5436	81386.6447
27350000	81403.1459	70572.8972	81211.5770
27400000	81813.8862	70860.3837	82427.2945
27450000	82178.6326	72382.5789	82512.0396
27500000	81342.6468	71149.4321	81430.2379
27550000	82571.0895	71615.0543	82281.6202
27600000	82012.3188	71907.7240	81142.3391
27650000	82076.1307	72252.0729	81662.4552
27700000	81669.3012	71650.5949	80396.3259
27750000	82013.0955	71293.4650	81861.1891
27800000	82043.1609	71401.1796	82307.3399
27850000	81656.3885	71270.8349	81272.2553
27900000	82338.9151	71738.1480	81595.9527
27950000	82434.3969	72291.4352	81241.4911
28000000	82524.2390	72771.6034	81881.1524
28050000	81792.0001	71284.7425	82419.3719
28100000	82402.8739	72519.2441	81869.0350
28150000	82090.2882	72091.9992	83105.2953
28200000	82480.2222	70725.9138	81707.5859
28250000	83220.1776	71142.0237	82500.9010
28300000	82664.7998	72244.4359	82136.3633
28350000	82787.6299	70999.6896	81626.1791
28400000	81503.3278	71962.1711	82270.8170
28450000	82227.4152	71598.4475	82068.1605
28500000	81879.4302	71714.3354	81939.3239
28550000	82178.7170	71708.8012	81671.3547
28600000	82214.9842	72131.8135	82014.7703
28650000	83019.5939	71364.2987	82551.2865
28700000	81850.3170	71790.7900	81966.5257
28750000	81994.2829	70977.8367	81441.0228
28800000	81595.5416	71631.8705	81395.7627
28850000	81370.7642	71313.3678	81433.3395
28900000	82742.8573	72135.4061	81861.7217
28950000	82293.6161	73083.8772	81919.7830
29000000	82454.9247	71200.6851	82134.6110
29050000	82465.6955	70907.3390	81325.4343
29100000	82137.1319	72580.0481	82230.3896
29150000	82238.2571	71732.8625	82233.8109
29200000	82465.3589	70888.8775	80780.6569
29250000	81810.1155	71285.0571	81928.1480
29300000	82221.2065	70766.0923	82278.0446
29350000	81090.3786	72020.8124	82900.4609
29400000	82801.5225	71258.6105	81192.1660
29450000	81870.5661	71337.3588	81908.1277
29500000	82558.1756	70772.1780	82205.6825
29550000	81286.0270	71713.0286	82323.7265
29600000	82454.3788	71639.4804	81734.6091
29650000	82101.4440	71910.4321	81257.6255
29700000	81312.3842	71824.4305	81814.0695
29750000	81555.7751	71623.0096	82517.1615
29800000	82798.3516	71077.6026	82172.9091
29850000	81326.5433	71891.0123	82243.0597
29900000	82934.4275	71577.5418	80503.1769
29950000	82149.7365	71266.2552	81581.2900
30000000	82713.8125	70974.6707	80913.7865
30050000	82302.8553	71818.2584	82180.5243
30100000	82511.2860	72187.4642	82286.8664
30150000	81631.4698	71591.2653	81734.3359
30200000	82293.1752	71768.5626	81407.8442
30250000	81859.3725	71446.2198	80969.6978
30300000	82187.2582	71862.6900	82639.6973
30350000	81120.5379	71033.9794	81807.6495
30400000	81512.5074	71750.4663	81353.7280
30450000	81817.7570	70924.9081	81427.4705
30500000	82075.0777	70986.1220	82033.5982
30550000	82312.1549	72054.0487	81407.4155
30600000	82472.1590	71813.1617	82306.1824
30650000	81658.8188	71638.6790	82223.0791
30700000	81829.1201	71919.9870	81938.8084
30750000	82347.4530	71566.5250	81220.8460
30800000	81505.2734	71595.9961	81289.8574
30850000	81792.8832	70734.7424	82786.9912
30900000	81753.0691	71967.7147	81686.0508
30950000	82413.8966	71200.5229	82946.4024
31000000	82155.7606	70819.7940	81609.0536
31050000	82456.0347	71717.4554	82056.3608
31100000	82413.7440	71707.0799	81254.1485
31150000	82111.5028	71000.1594	82207.1232
31200000	81519.8543	71085.8439	82147.9224
31250000	81802.8699	72058.9908	81635.1821
31300000	80952.3100	72529.1244	82421.1987
31350000	82245.8603	71307.2204	81606.5295
31400000	82052.0774	70744.1529	82222.1597
31450000	82338.5475	72162.3999	81651.5097
31500000	81387.2595	71622.6071	82011.2742
31550000	81290.9158	72119.2292	81806.5946
31600000	82039.3920	71601.1641	82116.4318
31650000	81833.7318	71683.4499	82244.2518
31700000	81728.5991	71325.6171	80799.9242
31750000	80757.4194	70871.4525	82270.8121
31800000	81948.4258	71688.1688	81908.0415
31850000	81206.5839	71311.6011	81595.4025
31900000	81660.0941	71864.2563	82183.3677
31950000	82304.5960	71126.6229	81382.5154
32000000	80931.9613	70897.9610	81938.6520
32050000	81451.9938	71173.5524	82109.3434
32100000	81783.5473	71069.6939	81243.8241
32150000	81433.5993	71101.5763	81243.0830
32200000	81872.4859	71545.3569	81384.2960
32250000	81912.0111	71546.6089	81532.3699
32300000	82564.0518	70835.3603	82409.9076
32350000	81811.4239	71907.2307	81270.3214
32400000	81764.8367	72080.8824	81888.1562
32450000	81679.5800	71032.0493	82570.1656
32500000	81436.7201	71346.3056	80925.8841
32550000	81676.2051	71440.1494	81698.8557
32600000	82668.1379	71347.9074	81162.4703
32650000	82159.6339	71702.4836	82793.2861
32700000	81418.1606	71107.9473	81962.0391
32750000	82001.3480	71291.2085	81437.0214
32800000	82232.3958	71890.8898	81523.5101
32850000	81981.5701	70617.2021	81638.1586
32900000	81179.0720	71306.3273	81118.8987
32950000	81682.1826	70886.3708	82280.2640
33000000	82444.9289	71387.6966	81449.9025
33050000	82025.6459	72071.5823	82416.4611
33100000	81996.7392	71763.7715	82703.1836
33150000	81890.8007	71732.4644	81897.6313
33200000	81610.4509	71918.1703	81728.7606
33250000	82145.5365	70770.0866	81719.5740
33300000	82110.2749	70923.4715	81029.4639
33350000	81591.5704	71246.8299	81749.8014
33400000	81975.2873	70550.1906	81859.4952
33450000	81768.9380	70938.3790	81391.1693
33500000	82177.2050	72198.1135	80848.0620
33550000	82179.6717	72335.4193	81328.1614
33600000	82229.3656	71632.3418	81881.7432
33650000	82712.5777	71504.3630	82006.3987
33700000	81496.3836	70482.4627	81266.5453
33750000	82079.2973	70845.1915	82162.4226
33800000	82088.6344	71676.9936	82120.5831
33850000	81840.6857	71774.7376	81432.5774
33900000	81724.4411	71153.9749	82915.7563
33950000	81998.8816	71549.4466	81511.3907
34000000	80722.6221	70839.1784	81201.2016
34050000	81816.7172	72222.3944	81838.8480
34100000	81862.5593	71664.9429	82068.7558
34150000	82131.3998	71955.9556	82232.0369
34200000	81615.2509	71218.5352	82221.4834
34250000	81548.8890	71388.8908	81738.7312
34300000	81634.9474	72101.5303	81955.0184
34350000	82634.5580	71795.6124	81233.5369
34400000	82195.8729	71560.0792	81758.3110
34450000	82138.4028	71190.7027	81764.1099
34500000	82032.8805	71546.8788	81761.1808
34550000	82297.4146	71344.2493	81323.6458
34600000	83521.8024	72958.1287	82293.2082
34650000	81472.8318	71496.6065	81808.1958
34700000	81394.0544	71154.8157	81656.8907
34750000	82981.1182	71553.7688	82232.5923
34800000	82398.8359	71630.0047	81274.4041
34850000	83298.5186	71533.7836	81666.8528
34900000	82093.6427	72204.9046	81645.7086
34950000	82072.7913	72153.9440	82935.9768
35000000	81957.2254	71659.8850	81400.2679
35050000	81768.5013	71246.1411	81800.4766
35100000	81564.4908	71304.4984	81428.1313
35150000	82516.5270	71230.8164	81265.9075
35200000	82175.8503	72272.8511	81880.7141
35250000	82849.1167	71542.9148	82071.8492
35300000	81287.1303	70978.2010	82253.2945
35350000	82096.1715	71516.7638	81526.0484
35400000	81879.1118	71302.2078	81068.3410
35450000	81830.2923	72057.3891	80947.5471
35500000	83572.4050	71869.9045	82082.7472
35550000	81767.0839	71954.6232	81549.6892
35600000	81615.8143	72544.6688	81795.0374
35650000	82377.0319	71722.4072	82156.7710
35700000	81806.8740	72084.5569	82093.6191
35750000	82440.8761	71649.5217	81153.6221
35800000	81124.3984	71200.0219	81180.4761
35850000	81401.9840	71660.5264	80784.9426
35900000	80637.8478	71262.4860	81404.6416
35950000	82340.9059	70762.7422	82196.1782
36000000	82323.2966	70879.6467	81986.9907
36050000	82744.5056	70641.9344	81249.3749
36100000	82660.1820	71718.3787	82479.1498
36150000	82672.7752	72471.0844	80700.4936
36200000	81540.7807	70697.8772	82879.4093
36250000	82314.1991	72305.9095	82518.0637
36300000	82044.2510	71320.8661	81449.6315
36350000	82492.0808	71551.1278	82401.0213
36400000	81448.2947	72458.2204	82081.6262
36450000	80795.3482	70802.9995	80805.8657
36500000	81516.9779	71798.0784	82656.1400
36550000	82360.9155	71755.0389	82245.6232
36600000	81652.7173	72827.0822	81078.0408
36650000	81883.9054	71468.0092	82364.1830
36700000	82566.8060	71936.0551	80615.6415
36750000	81620.3483	72096.3498	83122.4005
36800000	82121.8529	71410.4091	81199.4951
36850000	82009.8423	71973.0592	81927.6069
36900000	82016.7415	72869.5534	81288.9756
36950000	81426.9186	71354.0029	81544.9578
37000000	81548.9874	72460.5811	81941.2064
37050000	82679.4054	70572.7131	82274.2716
37100000	81223.9025	71543.7561	82465.7926
37150000	80959.2109	71084.0180	81657.4671
37200000	81791.0943	70648.2357	81922.2163
37250000	81343.3483	71517.4904	82806.5987
37300000	81438.9786	71564.7860	81573.1055
37350000	82612.6562	71903.9030	81511.3533
37400000	81680.7217	71836.8863	82110.7667
37450000	81855.8512	71064.3591	81887.4287
37500000	81715.8153	70906.8951	82119.2034
37550000	82345.4649	72260.7523	82575.5029
37600000	82022.3884	72446.8595	81157.6650
37650000	81748.0712	71797.0113	82556.2903
37700000	81478.3788	71326.0435	81964.6840
37750000	81844.6295	71556.4811	81469.8094
37800000	82473.8089	70994.4773	82002.2459
37850000	82096.2659	71155.8697	82001.8217
37900000	81631.2938	71076.3491	81238.2120
37950000	81872.8449	71787.9447	81697.6359
38000000	81707.0832	72098.4039	81457.4035
38050000	81374.4815	71838.2596	81741.8411
38100000	81907.0146	72009.0888	82379.4870
38150000	81988.8551	72330.4294	81982.8119
38200000	81309.8630	71057.6258	81989.6733
38250000	82210.7795	71392.7149	81602.9762
38300000	82569.5867	71782.2300	81505.9319
38350000	81056.0510	71076.3758	81233.9816
38400000	82397.0763	72956.4589	82320.4927
38450000	82325.2622	72162.6378	81484.5572
38500000	81040.4039	72917.9133	81902.3249
38550000	82021.1295	71346.7318	82421.6128
38600000	81689.0714	71591.6922	81940.0755
38650000	81989.7959	72293.3129	82586.2178
38700000	81608.1320	72063.7758	81616.5316
38750000	81370.3404	71945.4739	82149.9235
38800000	81282.6779	71242.9740	81654.8381
38850000	81893.2858	71503.4757	82314.4352
38900000	81573.9048	71465.1389	82660.4024
38950000	81407.6201	71644.0371	81541.2902
39000000	82265.4859	72468.8526	81053.1499
39050000	81917.6620	71619.8154	80628.4677
39100000	82283.4030	71354.8909	81444.2752
39150000	82158.4704	71073.7736	82204.1451
39200000	82980.1396	71189.6303	81300.7043
39250000	81934.2797	72674.4420	81710.1791
39300000	82103.2612	71923.5589	82334.3137
39350000	82562.5478	70438.3546	81876.1664
39400000	82060.3801	72032.4896	82308.8806
39450000	83737.0055	70952.0987	81158.3161
39500000	82546.7924	71737.9504	82015.9099
39550000	81586.3237	71798.3653	81594.8842
39600000	82142.8650	70700.1444	81172.0658
39650000	81804.5328	71907.5126	82042.2592
39700000	82155.9983	71361.0125	81370.1242
39750000	81478.6803	72469.3742	81353.4529
39800000	82322.0045	71455.2043	81718.8408
39850000	81831.4052	71492.3822	82726.7481
39900000	82621.4738	71496.9414	81974.5563
39950000	82161.6966	71123.9618	82196.4475
40000000	82288.9813	71309.8355	82342.8273
40050000	81087.5984	71091.7593	81834.6937
40100000	82867.2370	72160.8117	83116.7428
40150000	81390.3091	71977.3218	82953.4367
40200000	82469.0066	72509.2472	82336.2794
40250000	82026.6374	71434.7116	82007.5802
40300000	81761.2288	70645.9272	81360.1389
40350000	81468.8886	70659.9867	81082.7635
40400000	81896.6841	72801.3643	81714.1040
40450000	82071.5810	71638.7020	82264.9002
40500000	81891.9843	71930.8757	82159.4141
40550000	81783.2028	71656.4739	82284.4887
40600000	82134.1627	71348.5511	82400.6490
40650000	82892.2045	70488.7732	81734.5442
40700000	82296.6408	71951.3908	81773.9192
40750000	82277.6314	71248.9772	81737.1019
40800000	82866.9375	71533.4925	82307.4551
40850000	82794.7894	71873.4669	82164.6596
40900000	81176.6064	71648.3736	81652.6419
40950000	82696.5552	71887.1612	81907.1619
41000000	82327.6538	71347.2120	81385.1831
41050000	81623.3738	70776.1226	81653.0356
41100000	81357.8356	70599.3384	81948.7902
41150000	82421.4453	72146.5274	81876.1981
41200000	81760.7751	71350.2397	82132.4181
41250000	82170.5820	71518.2632	81450.3425
41300000	81999.0935	71489.7654	81575.6974
41350000	81774.1417	71110.3461	81622.3929
41400000	82026.9682	71900.1202	81416.9766
41450000	81718.2530	71425.9484	82162.7370
41500000	81412.5089	72119.6500	82415.1354
41550000	82154.5609	71507.2227	81787.7398
41600000	82484.4749	71637.6527	81787.7555
41650000	81520.3782	71924.3685	81749.1038
41700000	81620.2498	71962.7974	83465.1443
41750000	80906.6537	72155.7676	82504.9003
41800000	82532.5185	72118.0326	81899.9760
41850000	82092.0728	71904.8757	81199.4307
41900000	82098.8383	71057.5323	81023.1974
41950000	82071.9072	71892.1326	81467.2629
42000000	82273.6110	71487.1670	81901.8070
42050000	81861.2387	71546.4895	81866.1121
42100000	82131.4095	71787.4727	81541.5780
42150000	82119.5865	72412.1096	81973.0153
42200000	82019.4884	72151.6435	82178.5246
42250000	82411.9621	71463.5798	82144.9711
42300000	81476.7625	70875.7652	81926.6648
42350000	82471.6365	72008.0172	81369.2573
42400000	82154.6350	71563.6625	82426.1968
42450000	81807.0219	71997.3464	81985.0393
42500000	82750.8101	70968.8327	80957.4715
42550000	81799.3650	71783.5712	81640.2346
42600000	81544.4551	71967.8303	81902.8705
42650000	82408.6543	71971.8365	81894.6122
42700000	81965.0693	71897.9799	81788.7578
42750000	81871.0924	72167.7590	82007.6912
42800000	82653.7527	71697.1982	81848.2168
42850000	82460.0238	71064.5866	81522.2014
42900000	81775.2676	72511.9868	82428.8910
42950000	82178.6571	70596.1212	81544.0354
43000000	82942.9131	71092.2216	81875.2643
43050000	81789.5395	71894.2889	81787.6719
43100000	81364.4046	71576.9551	81818.9578
43150000	82027.3262	71555.5400	81368.6574
43200000	82447.4668	72307.1343	80581.8624
43250000	81689.5697	71467.7026	82910.4745
43300000	82480.3511	71607.4947	81349.0167
43350000	81650.1575	71777.6211	82696.9911
43400000	82445.0674	71020.7280	81260.5232
43450000	82375.3303	71240.7274	80658.9857
43500000	81694.5015	71308.9403	81132.9187
43550000	81959.6335	71530.7507	81549.4734
43600000	81904.3885	72541.6521	81585.7622
43650000	81397.4617	71340.1979	81436.9885
43700000	81587.9480	71546.2354	81225.9610
43750000	81570.1136	71379.4685	82407.1613
43800000	82070.9088	71140.8692	82081.1160
43850000	81634.7379	72323.5382	82186.0170
43900000	82805.9881	71127.0512	81769.1132
43950000	82111.8095	71108.4695	81285.8527
44000000	82511.0825	71986.7768	82232.2147
44050000	82723.5577	70674.5312	81818.6623
44100000	82719.3327	71202.6525	82480.0197
44150000	81541.6153	72182.5121	81593.1028
44200000	81812.3333	70917.5611	81267.6126
44250000	82143.2078	71672.6629	81086.2938
44300000	82202.1011	71582.5609	82831.3489
44350000	82682.0144	71953.3679	82226.4735
44400000	81325.2715	71658.5328	82374.5284
44450000	81989.0377	71362.4507	81487.9852
44500000	81336.1933	71097.1683	81097.9769
44550000	82030.3366	71154.9478	81833.9832
44600000	82119.6601	71030.1371	82324.4654
44650000	82144.5545	72468.0045	81298.0275
44700000	82227.9523	71614.3946	82400.9419
44750000	80569.3435	72137.6436	81482.0697
44800000	81814.6836	71417.2126	81767.3693
44850000	81736.4017	71973.1387	81183.3921
44900000	81444.1027	71793.8456	80893.7553
44950000	82018.4451	71525.4710	82237.3874
45000000	81473.3817	71768.6347	81799.2294
45050000	80861.9321	71535.3742	81468.9347
45100000	81998.4965	71212.4230	81623.6302
45150000	81849.9585	72158.6680	81640.5818
45200000	82985.2519	71970.5927	80872.8587
45250000	82085.9892	72550.4873	81960.2658
45300000	81490.0500	71627.7536	80779.4298
45350000	81789.9749	71784.2418	82735.4774
45400000	81656.6406	72311.2653	82744.6008
45450000	80985.9903	71406.6784	81460.2737
45500000	81484.9366	71023.5836	81936.2102
45550000	81584.1011	72125.2772	82859.3648
45600000	81967.8408	71266.2693	82973.1177
45650000	81809.1796	71975.9501	81457.5841
45700000	81637.6182	71619.6039	82507.0591
45750000	82500.1953	71810.5229	81501.4974
45800000	81403.9426	71584.3715	82437.0834
45850000	82574.8712	71422.5742	81524.1058
45900000	81977.0238	71506.5999	81935.5786
45950000	81562.6603	71625.9787	80793.4567
46000000	82585.7928	71120.3227	81687.2057
46050000	82644.7341	71399.3693	81994.0227
46100000	81864.3719	70967.4282	80623.0518
46150000	83097.1084	71524.2342	81764.0356
46200000	81617.0324	71550.4901	81834.2364
46250000	82374.4901	72082.0869	82141.5249
46300000	81498.5866	71932.9177	82218.2337
46350000	81995.0872	71646.5051	81542.6656
46400000	82354.8430	71670.8085	82065.9081
46450000	81975.7128	72351.1975	81800.8789
46500000	81854.4363	70878.3420	82883.4450
46550000	81761.7359	72105.8587	81680.7645
46600000	81866.2413	71484.8666	81943.3195
46650000	82419.2319	72325.1358	80778.3766
46700000	81828.5744	71324.3667	82023.1402
46750000	81520.7420	72402.7009	81972.8481
46800000	81693.9349	71254.8233	81763.7994
46850000	82316.1455	71692.8413	81874.2348
46900000	82485.5746	70942.9051	81596.4509
46950000	81429.5254	71367.0420	81619.4495
47000000	82004.7728	71273.6867	82260.1447
47050000	82172.6052	71889.8929	81829.9525
47100000	81710.4162	72984.9444	81252.4319
47150000	81373.3678	71601.4166	81558.1118
47200000	81561.6920	72114.4686	82409.3758
47250000	80632.4912	71229.9326	82145.8872
47300000	82401.1383	71512.7884	81826.5331
47350000	82007.1285	72068.7438	81585.7276
47400000	83006.7449	71862.3944	82918.9488
47450000	82150.0988	72009.9506	82920.1483
47500000	81734.4427	71494.0039	82290.8194
47550000	82563.1762	71763.1937	81194.2126
47600000	81702.0879	72398.2825	82073.7199
47650000	83156.9074	71429.6621	82458.9559
47700000	82487.5097	71364.0989	82340.0246
47750000	82510.2467	71407.4638	82202.8998
47800000	82299.4839	70663.9203	81590.4937
47850000	82276.3752	71477.8667	81179.6528
47900000	82170.1311	71780.2046	81298.5338
47950000	82137.7268	72060.7399	82213.2267
48000000	82601.2984	71587.4861	80756.6928
48050000	82529.9603	71201.0980	81761.5937
48100000	81503.7425	71799.7157	82146.6330
48150000	80859.7517	72061.9333	82010.3942
48200000	81997.0998	71471.9073	80848.2410
48250000	82146.3108	71931.1801	81415.6892
48300000	81564.5969	71486.8283	81932.2871
48350000	81697.4492	71374.9285	82136.4074
48400000	81914.4973	72187.2292	81455.8385
48450000	80855.7304	72110.9602	82043.5706
48500000	81482.6348	72015.1206	81637.5452
48550000	81593.3515	71465.9982	81796.5226
48600000	82522.1588	71270.8877	81191.1672
48650000	82384.9500	71450.4794	81905.3717
48700000	80947.9914	72556.2829	81014.3509
48750000	81741.1408	71906.6423	82412.8811
48800000	81510.1680	71344.0889	81645.3566
48850000	82268.0575	72489.7183	81315.1044
48900000	81075.7621	71548.0105	82467.4686
48950000	82050.2154	72582.0733	81871.7196
49000000	82635.0485	71380.9828	81364.6530
49050000	81834.3412	71269.6561	82443.2256
49100000	82575.3490	72347.9329	82041.2165
49150000	81895.0205	71350.6642	82096.5651
49200000	81261.0971	71357.5370	82552.4161
49250000	81361.6696	71556.2550	81307.2675
49300000	82382.8135	70803.0718	81059.2253
49350000	81699.2060	72287.5385	82799.4902
49400000	81786.6094	71485.6074	81155.8161
49450000	82525.2782	71446.4685	81641.5701
49500000	81715.4834	71728.7143	81709.4402
49550000	81562.3711	71651.8048	82753.8119
49600000	81854.8096	70837.2181	81274.0551
49650000	80696.3159	71104.2942	82264.9983
49700000	81300.2818	71385.1349	81983.0255
49750000	81638.5208	71120.7027	80841.2298
49800000	81546.7188	71273.2625	82111.6951
49850000	82255.2145	71738.4699	81597.8826
49900000	82257.5667	71627.0176	81802.8289
49950000	81576.8676	71084.2373	81853.9813
50000000	82685.5142	71106.0565	81327.0722