TS	2_bonds	no_bonds	303_350
0	-1345814.1508	-1235878.4028	-1343725.8872
50000	-1347287.8769	-1237450.1970	-1344466.6427
100000	-1347861.7631	-1237170.8238	-1344469.6215
150000	-1346686.1236	-1238833.2636	-1344042.6441
200000	-1347107.5297	-1237263.7875	-1344709.6174
250000	-1346366.3397	-1237044.8380	-1344042.9556
300000	-1345981.2708	-1234979.4143	-1344361.2764
350000	-1347626.5166	-1236341.6690	-1344117.3992
400000	-1347289.7171	-1237470.5043	-1344436.1620
450000	-1348150.6414	-1236403.2142	-1343937.2237
500000	-1346833.6343	-1236496.2918	-1343778.9080
550000	-1347866.8237	-1237104.5365	-1344669.7643
600000	-1347677.5764	-1236078.7314	-1344464.7121
650000	-1346520.3871	-1236767.0079	-1344772.6457
700000	-1347089.3156	-1238374.2355	-1343893.1557
750000	-1346387.2171	-1237386.8475	-1343812.4219
800000	-1348200.8358	-1236009.2925	-1343606.5217
850000	-1346657.8949	-1236583.1203	-1344013.1150
900000	-1347608.6521	-1235511.1922	-1344314.5975
950000	-1347716.6422	-1237382.0554	-1344465.9681
1000000	-1347148.4582	-1236535.2679	-1344084.7518
1050000	-1347980.6432	-1236138.6199	-1342953.2424
1100000	-1347076.1581	-1236213.9063	-1345735.1862
1150000	-1346357.6962	-1238310.1447	-1342576.2665
1200000	-1346711.3169	-1237241.0372	-1343943.9979
1250000	-1346597.3310	-1236897.2978	-1342236.4986
1300000	-1347728.2381	-1236866.4556	-1343071.8290
1350000	-1346563.0716	-1237363.5862	-1344636.3136
1400000	-1346680.4571	-1234815.1535	-1343964.1567
1450000	-1346399.9510	-1237393.7101	-1342118.3453
1500000	-1347803.1507	-1236910.3178	-1343675.1274
1550000	-1346895.9946	-1237765.3265	-1343803.9638
1600000	-1345715.6814	-1236459.4698	-1343307.8874
1650000	-1347754.9818	-1236403.6439	-1343883.8507
1700000	-1348000.1439	-1235863.1595	-1343888.7130
1750000	-1348705.3124	-1236536.5866	-1344435.8272
1800000	-1345817.1082	-1237602.2727	-1345126.0673
1850000	-1347084.4340	-1235949.3035	-1344843.7698
1900000	-1349190.4851	-1235917.8085	-1343967.8637
1950000	-1347507.3975	-1236421.1369	-1345385.5585
2000000	-1346159.2167	-1238149.5276	-1342814.5484
2050000	-1347524.6913	-1238423.7855	-1343966.4347
2100000	-1346017.3751	-1236157.8992	-1344866.8830
2150000	-1347806.4148	-1236710.5401	-1344775.2720
2200000	-1347281.0623	-1236410.3585	-1343538.4716
2250000	-1347548.4920	-1236837.4126	-1342992.9849
2300000	-1347087.9132	-1237772.0641	-1343638.4902
2350000	-1347003.7738	-1236272.4586	-1345778.3677
2400000	-1348527.7347	-1237264.4014	-1345275.6551
2450000	-1349146.7031	-1237334.1900	-1343824.3988
2500000	-1347479.3227	-1234876.4240	-1344689.6788
2550000	-1347669.9560	-1236511.2899	-1343381.3512
2600000	-1348192.0416	-1236999.6929	-1345529.5805
2650000	-1347491.5430	-1236363.4923	-1342880.6501
2700000	-1347555.4532	-1237802.3168	-1345105.9471
2750000	-1347593.8884	-1235436.5077	-1344577.6143
2800000	-1346687.7064	-1237059.6492	-1344547.8232
2850000	-1346760.9690	-1237993.9829	-1344828.4919
2900000	-1347501.9684	-1236960.2832	-1345582.0509
2950000	-1347364.9078	-1236410.0533	-1344331.4796
3000000	-1347074.5159	-1236747.0059	-1344401.9863
3050000	-1346849.9994	-1237058.8385	-1344656.9479
3100000	-1346678.0374	-1237453.8568	-1344855.7277
3150000	-1346384.5401	-1237149.2415	-1344867.8153
3200000	-1347248.6137	-1236537.4465	-1343736.3981
3250000	-1347280.9928	-1237605.2798	-1344369.3451
3300000	-1346828.2548	-1237767.6909	-1344488.3184
3350000	-1344832.0680	-1238120.4557	-1345010.7427
3400000	-1347079.5403	-1237370.7032	-1345625.8780
3450000	-1347216.5186	-1236601.0782	-1344850.0610
3500000	-1346492.0699	-1237721.1076	-1344124.6724
3550000	-1347839.4289	-1236419.1876	-1345181.5699
3600000	-1346841.6832	-1237815.8520	-1344790.2935
3650000	-1346975.3422	-1236842.7483	-1344069.8874
3700000	-1348125.8741	-1236149.9399	-1343055.1458
3750000	-1346412.7979	-1237529.1701	-1346737.7115
3800000	-1348530.7594	-1236285.7203	-1344712.8157
3850000	-1346830.2948	-1235100.1715	-1344158.9518
3900000	-1346293.1749	-1237291.9822	-1344975.6609
3950000	-1348133.4039	-1237891.0036	-1345192.8207
4000000	-1347210.2429	-1236298.2670	-1346291.4639
4050000	-1347247.4343	-1238234.6211	-1342941.5074
4100000	-1347151.4124	-1236396.5893	-1344364.2991
4150000	-1346743.7311	-1237484.4122	-1344326.8044
4200000	-1347382.2567	-1236678.5245	-1344359.3446
4250000	-1347597.3721	-1236648.5867	-1344482.9710
4300000	-1347222.1067	-1237086.7947	-1344238.4066
4350000	-1346828.9284	-1237082.5577	-1344587.1561
4400000	-1347926.2075	-1237084.7195	-1343277.5482
4450000	-1345036.3241	-1235043.6026	-1344671.7449
4500000	-1347420.7819	-1238578.8157	-1344423.0096
4550000	-1347843.9597	-1238071.6051	-1342882.3600
4600000	-1347912.6666	-1236487.7919	-1345605.0249
4650000	-1346507.7746	-1237312.0185	-1345828.2598
4700000	-1347889.2106	-1235340.3070	-1342606.4224
4750000	-1345909.6313	-1237169.9650	-1344450.1885
4800000	-1346858.3756	-1237489.4155	-1345010.2305
4850000	-1347746.7741	-1236694.1298	-1344159.0662
4900000	-1347664.8288	-1237626.9162	-1344547.7355
4950000	-1347100.8731	-1237169.7991	-1343553.6730
5000000	-1348004.5157	-1236015.8014	-1343480.8794
5050000	-1348948.6540	-1235917.3804	-1343852.3398
5100000	-1346581.0880	-1236176.8396	-1345011.9168
5150000	-1347957.3747	-1235283.9711	-1346150.4225
5200000	-1347026.8660	-1235856.6795	-1345547.5781
5250000	-1347586.7956	-1237248.6086	-1345161.5964
5300000	-1349149.7553	-1236833.0553	-1343506.9066
5350000	-1348408.3939	-1235981.0938	-1343985.7527
5400000	-1347849.6929	-1236905.0955	-1343751.5253
5450000	-1347042.9809	-1238262.4590	-1342755.4849
5500000	-1348151.7206	-1236075.4255	-1344709.5624
5550000	-1346366.8918	-1236683.2828	-1343530.5193
5600000	-1347903.9687	-1238297.1931	-1346067.7200
5650000	-1347554.1642	-1235908.9083	-1344288.3128
5700000	-1346979.2462	-1237394.3728	-1345220.8534
5750000	-1348372.2767	-1237421.2888	-1344190.5947
5800000	-1346476.5449	-1236008.5877	-1344236.9250
5850000	-1347797.7314	-1236030.6234	-1344383.3395
5900000	-1346977.5479	-1237103.9029	-1344145.7909
5950000	-1346539.4094	-1237433.3997	-1344332.0741
6000000	-1346985.6757	-1235686.7619	-1345169.8586
6050000	-1346937.5051	-1236053.8456	-1344332.6226
6100000	-1347193.2331	-1235744.5060	-1344675.7991
6150000	-1346643.7123	-1238701.7589	-1344614.9499
6200000	-1347890.3713	-1237053.9648	-1345265.0278
6250000	-1348522.7294	-1235657.9917	-1345720.5822
6300000	-1346976.4658	-1235886.5895	-1345710.7719
6350000	-1348257.4081	-1236769.2741	-1343460.9453
6400000	-1347978.6626	-1235985.0251	-1345114.2446
6450000	-1346320.1360	-1237712.1076	-1345358.9772
6500000	-1348619.8764	-1237311.1848	-1344796.0380
6550000	-1349002.5625	-1236992.7178	-1343992.1391
6600000	-1348146.9660	-1236930.8194	-1344421.6557
6650000	-1347504.4434	-1237348.8400	-1342933.7276
6700000	-1346409.8233	-1236900.0701	-1342814.9808
6750000	-1348270.2980	-1237491.7107	-1344553.2023
6800000	-1347768.4265	-1237189.2904	-1345203.9546
6850000	-1346903.1893	-1235481.0738	-1343899.7115
6900000	-1347806.7117	-1237456.4506	-1343684.4359
6950000	-1348021.5305	-1238107.6608	-1344790.4362
7000000	-1347799.1810	-1237572.6825	-1344451.2159
7050000	-1346948.0442	-1236167.2814	-1342995.8958
7100000	-1345700.5647	-1235677.9144	-1344727.7735
7150000	-1347182.1437	-1237014.2267	-1344841.6899
7200000	-1347997.2192	-1238212.6148	-1344358.3423
7250000	-1347362.2370	-1236451.0506	-1344207.4991
7300000	-1346714.5882	-1236412.4895	-1344024.0509
7350000	-1348018.1200	-1236341.1229	-1343640.6217
7400000	-1348198.7309	-1237480.1614	-1343004.7056
7450000	-1347908.6717	-1235471.5084	-1344215.0819
7500000	-1347627.9573	-1237510.9661	-1344301.9026
7550000	-1347367.3461	-1236406.1379	-1344199.0682
7600000	-1347751.3327	-1236262.9198	-1344170.8478
7650000	-1347997.9373	-1237551.3575	-1344885.3231
7700000	-1346321.8962	-1234821.9516	-1344008.3080
7750000	-1348804.6682	-1236615.1593	-1344824.2784
7800000	-1346792.2044	-1236997.9150	-1344579.1526
7850000	-1345868.7254	-1237668.3865	-1343186.9570
7900000	-1345427.9879	-1236878.0299	-1343546.7210
7950000	-1347094.6147	-1237105.8698	-1344970.8511
8000000	-1347591.7591	-1235629.9068	-1345492.1920
8050000	-1348512.3180	-1236295.3327	-1345436.5519
8100000	-1345679.0575	-1235386.2283	-1343378.5542
8150000	-1348485.8187	-1237831.8942	-1344159.6882
8200000	-1346947.5986	-1235715.7799	-1343330.0288
8250000	-1347583.7829	-1236862.9112	-1343990.3692
8300000	-1346810.8601	-1234952.5340	-1345725.3419
8350000	-1346072.0284	-1236815.0752	-1345860.7746
8400000	-1348359.7199	-1236276.1612	-1343910.6951
8450000	-1348133.8867	-1236587.2882	-1345636.2256
8500000	-1346836.2537	-1237522.0956	-1344712.6133
8550000	-1348029.2448	-1236806.1352	-1344856.8870
8600000	-1346586.9965	-1236928.7063	-1344868.0827
8650000	-1348589.7016	-1236458.8219	-1344119.5011
8700000	-1346379.0596	-1236571.0815	-1344407.4513
8750000	-1348139.7254	-1236070.7970	-1345254.2943
8800000	-1346871.2488	-1236911.2439	-1345656.1286
8850000	-1348023.8332	-1236705.7639	-1344420.1468
8900000	-1347345.1215	-1237304.4636	-1344592.8858
8950000	-1346635.3289	-1236496.1112	-1345241.5924
9000000	-1347332.1879	-1237281.6539	-1345257.4807
9050000	-1347816.6886	-1237397.8332	-1345503.5065
9100000	-1347491.7891	-1235927.6706	-1344112.5410
9150000	-1347029.5471	-1237109.5575	-1345557.2699
9200000	-1347057.3900	-1237088.5598	-1346072.2299
9250000	-1346699.9000	-1235100.2977	-1341193.5634
9300000	-1347408.1816	-1236717.0897	-1343940.0086
9350000	-1347557.0751	-1237523.0955	-1344997.2183
9400000	-1346936.3375	-1237220.2369	-1342859.0798
9450000	-1348221.7095	-1237281.0950	-1344491.7428
9500000	-1347447.7606	-1235725.3317	-1344765.5833
9550000	-1346694.3090	-1237062.3274	-1344868.2411
9600000	-1347659.9315	-1236408.1165	-1344518.7022
9650000	-1349011.7010	-1237102.3366	-1344274.9294
9700000	-1348820.7385	-1237946.0327	-1344397.6146
9750000	-1347501.7577	-1236350.6301	-1344881.7018
9800000	-1347361.4307	-1235882.2504	-1345110.2829
9850000	-1346331.0431	-1236633.2551	-1344275.4119
9900000	-1346673.1719	-1236031.4978	-1344820.7090
9950000	-1346704.9791	-1236902.0700	-1343887.2713
10000000	-1346680.1443	-1235703.3654	-1344910.5852
10050000	-1348581.2987	-1236324.2276	-1343430.1480
10100000	-1347353.3646	-1236774.3518	-1344507.8241
10150000	-1346921.3899	-1236257.2123	-1343867.7520
10200000	-1347935.9135	-1235889.8367	-1344757.0555
10250000	-1347451.4787	-1236944.2574	-1344030.4142
10300000	-1346805.4937	-1237053.1116	-1343915.8432
10350000	-1345714.1854	-1236697.4252	-1343401.6422
10400000	-1347292.7833	-1235630.5489	-1343935.4095
10450000	-1347274.4896	-1237326.2411	-1342407.6746
10500000	-1347412.5535	-1236619.9546	-1344586.5985
10550000	-1349329.9640	-1237163.1925	-1345388.6884
10600000	-1347927.4667	-1237531.1078	-1344573.9351
10650000	-1346396.4853	-1237099.8921	-1344261.5830
10700000	-1347896.2293	-1234985.0263	-1344691.5104
10750000	-1347047.7866	-1236665.9283	-1345816.4755
10800000	-1347574.1420	-1236227.5814	-1343535.5399
10850000	-1346763.6253	-1237305.8482	-1345062.8665
10900000	-1348521.4439	-1238595.2233	-1343991.1183
10950000	-1347194.6564	-1237619.0683	-1345173.8493
11000000	-1347790.0369	-1236093.7175	-1345585.6617
11050000	-1347087.5516	-1237157.3900	-1345347.1072
11100000	-1347306.0718	-1236685.4840	-1343347.5059
11150000	-1346716.3801	-1237424.0164	-1343204.1659
11200000	-1347379.1077	-1235655.4718	-1343859.5258
11250000	-1347071.1060	-1236798.2999	-1342521.9276
11300000	-1347688.8804	-1236523.0830	-1344684.4525
11350000	-1347091.5702	-1237206.8444	-1344317.6883
11400000	-1346325.8761	-1236526.9057	-1344819.3670
11450000	-1346426.8092	-1237033.7342	-1344749.5710
11500000	-1347395.7096	-1235355.9223	-1343490.0187
11550000	-1346354.9347	-1236461.7110	-1343572.0638
11600000	-1347740.6857	-1237835.3558	-1344947.7587
11650000	-1347364.9163	-1237222.8050	-1343916.2559
11700000	-1348200.9308	-1236480.6958	-1343903.5688
11750000	-1347159.7126	-1237414.5227	-1345406.8757
11800000	-1347229.5849	-1236492.4220	-1344875.7083
11850000	-1346648.0835	-1237494.1409	-1344230.6218
11900000	-1348114.7843	-1236821.9996	-1344904.3714
11950000	-1346600.6030	-1236654.2568	-1344086.1697
12000000	-1347974.7714	-1236272.6732	-1343560.9275
12050000	-1346619.0345	-1236358.5853	-1344550.6435
12100000	-1347751.3682	-1235580.3563	-1345411.6886
12150000	-1346454.5547	-1237430.5001	-1344236.1454
12200000	-1346712.3823	-1236642.3180	-1342986.9050
12250000	-1348738.7745	-1236775.8703	-1344357.4090
12300000	-1347700.8958	-1237038.5680	-1344078.7044
12350000	-1347766.3565	-1235236.4035	-1343257.4872
12400000	-1347144.6452	-1236519.9975	-1344310.2974
12450000	-1347395.0891	-1236791.9803	-1343752.9958
12500000	-1346768.0148	-1237087.3566	-1344288.6599
12550000	-1347587.1236	-1237249.7964	-1344377.7980
12600000	-1346963.9962	-1236641.5820	-1343261.8020
12650000	-1346863.8474	-1237867.6414	-1344715.1358
12700000	-1348915.4957	-1237641.7400	-1343092.6084
12750000	-1346478.9172	-1236762.7081	-1343646.0429
12800000	-1348530.4894	-1237885.9617	-1344632.9748
12850000	-1346506.7050	-1236811.6614	-1345257.2382
12900000	-1347459.9008	-1237966.3393	-1343774.7264
12950000	-1347204.4795	-1237006.2662	-1345197.0630
13000000	-1347633.9492	-1236707.5891	-1344156.2614
13050000	-1347387.2632	-1236282.8662	-1344356.7830
13100000	-1347588.7296	-1236175.4257	-1345112.0316
13150000	-1347301.5938	-1237118.9344	-1343757.5545
13200000	-1346793.9034	-1236544.7168	-1343059.7289
13250000	-1348001.1171	-1236505.6552	-1345310.2654
13300000	-1348724.6470	-1236471.2346	-1345471.7184
13350000	-1348056.9879	-1237600.3072	-1344274.0838
13400000	-1346721.3696	-1236699.9363	-1344435.7159
13450000	-1347193.7743	-1236801.3758	-1345800.0010
13500000	-1347148.1703	-1237464.8043	-1344869.2239
13550000	-1346040.3056	-1236218.3341	-1344466.8391
13600000	-1347869.3270	-1238181.1518	-1344235.9807
13650000	-1346760.7203	-1236631.2764	-1344981.8942
13700000	-1348613.4779	-1236711.6881	-1346037.3877
13750000	-1348591.1085	-1237137.1485	-1343813.1277
13800000	-1347580.4230	-1237724.2945	-1343591.8066
13850000	-1348120.0843	-1236156.2900	-1344683.7968
13900000	-1347919.4752	-1236489.4525	-1343712.5246
13950000	-1347053.9082	-1236789.9141	-1343728.6299
14000000	-1346172.0726	-1236175.9380	-1343458.2192
14050000	-1346419.0041	-1236759.8318	-1343719.8266
14100000	-1348336.9496	-1237159.1167	-1344925.8509
14150000	-1347966.3336	-1237375.7799	-1345821.3270
14200000	-1347163.1350	-1237796.9182	-1345609.8703
14250000	-1348647.4283	-1236061.9203	-1344682.1320
14300000	-1347736.9676	-1237657.8707	-1345015.8057
14350000	-1348699.4329	-1236814.2446	-1345262.4890
14400000	-1347605.2634	-1236229.8422	-1345048.1410
14450000	-1347437.6279	-1235804.5596	-1345074.7367
14500000	-1347658.0320	-1237002.2777	-1344663.6539
14550000	-1346236.1057	-1237265.0157	-1344541.6208
14600000	-1346241.1555	-1235761.4960	-1342961.5219
14650000	-1348173.5395	-1235994.4848	-1344238.2910
14700000	-1347159.8201	-1237727.8740	-1345613.2712
14750000	-1348209.5121	-1236799.9226	-1344876.7884
14800000	-1346447.2038	-1235891.3259	-1343923.0565
14850000	-1347316.9655	-1237211.1245	-1345107.5183
14900000	-1346283.9066	-1236911.2803	-1344082.2673
14950000	-1347927.3886	-1236228.4722	-1344670.1881
15000000	-1347005.5831	-1236797.3242	-1344644.4606
15050000	-1346010.1477	-1236272.4347	-1344972.3287
15100000	-1346745.7892	-1235804.4025	-1344177.9991
15150000	-1347442.9067	-1238304.4481	-1344820.7705
15200000	-1348558.0230	-1235801.8351	-1343779.3156
15250000	-1347476.8285	-1236643.6783	-1344987.8074
15300000	-1346393.2647	-1237212.1454	-1343372.3684
15350000	-1350078.9380	-1236874.0219	-1344344.2009
15400000	-1346733.1094	-1235730.7301	-1345621.7482
15450000	-1345991.2790	-1238112.3185	-1343945.0735
15500000	-1346334.5100	-1237221.4643	-1345384.1053
15550000	-1349416.7778	-1236873.6339	-1344850.6782
15600000	-1348030.2431	-1235622.7252	-1345008.5682
15650000	-1346733.8569	-1235728.6950	-1343710.7350
15700000	-1347025.5302	-1236536.4509	-1345410.8441
15750000	-1346086.5961	-1235173.2713	-1345446.5118
15800000	-1347053.9333	-1235186.2274	-1345397.9597
15850000	-1347451.4568	-1236505.6913	-1346502.2822
15900000	-1346586.2977	-1236289.1310	-1344238.8828
15950000	-1347367.3061	-1236379.4488	-1344110.1294
16000000	-1347375.0989	-1236677.6523	-1344115.8962
16050000	-1348322.6510	-1238004.0026	-1343333.7820
16100000	-1347835.1678	-1237255.6472	-1344426.1826
16150000	-1346910.2680	-1236494.3879	-1343436.6133
16200000	-1346763.0832	-1237704.5144	-1344421.7704
16250000	-1346957.3555	-1236431.5805	-1344527.0480
16300000	-1345828.4712	-1236572.5603	-1344188.0630
16350000	-1347189.4705	-1236087.7838	-1343749.7638
16400000	-1347373.3763	-1236600.1914	-1345762.0155
16450000	-1346790.1099	-1236537.7452	-1343961.3523
16500000	-1346550.5615	-1237028.6100	-1343544.6134
16550000	-1347319.8685	-1236426.6767	-1345063.9829
16600000	-1346411.0912	-1236358.9793	-1344440.8162
16650000	-1348117.9386	-1236415.6199	-1344540.4802
16700000	-1348130.6199	-1235938.8493	-1344116.1833
16750000	-1347872.5433	-1235985.7581	-1344185.7268
16800000	-1347242.7189	-1236294.0843	-1344393.5556
16850000	-1347545.6553	-1236872.6668	-1344479.7984
16900000	-1346094.1257	-1235568.9843	-1343401.3262
16950000	-1347975.7088	-1237198.5793	-1344570.0823
17000000	-1348229.5470	-1235198.7210	-1344419.8827
17050000	-1346816.6517	-1235901.3138	-1344066.0783
17100000	-1347806.0920	-1236332.2087	-1344984.2750
17150000	-1347193.7094	-1237026.9316	-1344718.8780
17200000	-1347320.3226	-1237025.0947	-1343384.9638
17250000	-1348079.1875	-1237697.0716	-1345523.0457
17300000	-1348332.0283	-1236426.4835	-1344117.0435
17350000	-1348061.9262	-1236080.0248	-1344309.5087
17400000	-1347209.0318	-1236997.5346	-1345091.3834
17450000	-1346917.9413	-1235591.7179	-1344983.0604
17500000	-1347602.2803	-1236781.4125	-1344392.9168
17550000	-1348287.7783	-1236931.6736	-1343812.7990
17600000	-1347325.0767	-1235693.0806	-1343563.2440
17650000	-1347568.9627	-1236194.0984	-1345238.8282
17700000	-1347166.8899	-1237225.7171	-1343492.8493
17750000	-1347101.0451	-1238333.4002	-1345204.0079
17800000	-1346545.0870	-1235343.3019	-1344441.9934
17850000	-1347388.7021	-1238664.9450	-1343533.7859
17900000	-1346838.5920	-1237701.3218	-1344218.9827
17950000	-1348189.7231	-1236306.4779	-1343990.1279
18000000	-1348933.3648	-1237405.7153	-1345830.2170
18050000	-1347422.8076	-1236571.5296	-1345531.4230
18100000	-1347826.6551	-1236245.7739	-1344284.3409
18150000	-1347661.0677	-1236516.4645	-1345194.5705
18200000	-1346563.8877	-1236969.3503	-1344027.6211
18250000	-1347282.4192	-1236428.8117	-1345067.1903
18300000	-1346124.0646	-1235860.6083	-1344915.4433
18350000	-1347809.1764	-1236845.5158	-1344647.5976
18400000	-1348406.2181	-1237374.9715	-1344225.2914
18450000	-1347434.2281	-1235815.6191	-1343717.8948
18500000	-1347664.6382	-1239007.6202	-1344524.6534
18550000	-1347903.6465	-1237779.5342	-1344190.4380
18600000	-1346999.5685	-1237979.7923	-1345246.0751
18650000	-1347829.5377	-1235647.9427	-1343460.5864
18700000	-1346085.0104	-1237322.3301	-1345983.8472
18750000	-1347856.7441	-1236867.1457	-1344237.1182
18800000	-1346067.0591	-1239081.9081	-1344227.2209
18850000	-1347558.2558	-1237680.2953	-1342127.4334
18900000	-1347713.4184	-1237523.0638	-1344511.1257
18950000	-1347599.9506	-1237152.1796	-1344325.9064
19000000	-1347268.5459	-1237025.0300	-1344334.2483
19050000	-1346965.0205	-1236525.2906	-1343974.2356
19100000	-1348161.2034	-1236981.9926	-1344106.0225
19150000	-1348820.3650	-1237759.7246	-1343357.7539
19200000	-1347495.0418	-1237475.1407	-1345095.7717
19250000	-1347868.0436	-1236380.9089	-1344588.2916
19300000	-1346647.2198	-1237341.1390	-1343610.0535
19350000	-1345439.1984	-1238034.4395	-1344431.9238
19400000	-1347723.2360	-1236552.3814	-1344696.6506
19450000	-1348045.7080	-1236809.1154	-1344029.1956
19500000	-1347353.1524	-1236597.4678	-1343306.5354
19550000	-1347988.5981	-1237632.7202	-1344959.4952
19600000	-1346272.3711	-1236467.9079	-1344492.7622
19650000	-1347668.8628	-1236618.7809	-1344839.0064
19700000	-1348600.3248	-1236502.7336	-1344333.2427
19750000	-1347394.8574	-1236195.4919	-1343852.7556
19800000	-1346312.5282	-1238082.2401	-1344434.8932
19850000	-1348176.1575	-1237053.2299	-1344968.0215
19900000	-1345983.4448	-1238021.2719	-1343302.8485
19950000	-1347161.1083	-1237372.8653	-1345521.0025
20000000	-1347740.7318	-1236443.5770	-1343869.3430
20050000	-1349484.4329	-1238351.0292	-1342345.1816
20100000	-1347853.4852	-1237576.2040	-1344804.8825
20150000	-1346139.2970	-1237282.3714	-1344271.4816
20200000	-1347494.1669	-1236609.0976	-1345388.1288
20250000	-1348483.3027	-1237981.5502	-1343843.0735
20300000	-1346724.7669	-1237202.1207	-1346485.0992
20350000	-1347623.3767	-1235544.4508	-1342859.1922
20400000	-1346445.4711	-1235928.0730	-1344396.0036
20450000	-1348107.9700	-1237478.5381	-1346020.1558
20500000	-1347571.2018	-1237155.6727	-1345058.4311
20550000	-1347035.3469	-1236196.4694	-1345050.1236
20600000	-1346588.9344	-1236104.3225	-1343751.2715
20650000	-1347994.7574	-1236129.7421	-1344196.1385
20700000	-1347149.1332	-1235865.0127	-1343326.3339
20750000	-1347905.5426	-1237271.6451	-1345283.9340
20800000	-1347560.4586	-1237061.2856	-1344519.9484
20850000	-1345944.9292	-1237575.2000	-1343594.6769
20900000	-1347577.2322	-1235791.2447	-1344853.2532
20950000	-1347433.1081	-1238125.5561	-1344631.0176
21000000	-1347548.9901	-1237405.3866	-1341733.8824
21050000	-1348089.9922	-1237321.5194	-1344727.9204
21100000	-1346756.1236	-1236815.5086	-1344499.6889
21150000	-1345913.2342	-1238010.3684	-1344508.6436
21200000	-1349108.1598	-1236773.6334	-1344335.8061
21250000	-1347722.7032	-1235772.3849	-1343558.7639
21300000	-1347715.0167	-1237619.5176	-1343753.4014
21350000	-1348231.8502	-1235037.8710	-1344648.6296
21400000	-1347189.3096	-1238030.8965	-1343444.9678
21450000	-1347156.8583	-1236081.5174	-1344807.1502
21500000	-1348801.2161	-1236506.6110	-1344039.6370
21550000	-1347852.8502	-1237793.0659	-1343684.2706
21600000	-1347866.2902	-1236035.8262	-1342870.0532
21650000	-1347828.0013	-1236485.4154	-1344308.3787
21700000	-1346247.2945	-1236158.2696	-1345174.4843
21750000	-1348582.4013	-1236637.1314	-1344103.9735
21800000	-1348191.1572	-1234865.9632	-1344711.0475
21850000	-1347727.3675	-1234856.1916	-1343548.1283
21900000	-1347093.8116	-1237408.9321	-1344327.1648
21950000	-1347543.8184	-1238122.3796	-1344762.3489
22000000	-1348268.7290	-1236831.0656	-1344700.8399
22050000	-1348363.1844	-1236426.6643	-1344190.8270
22100000	-1348066.5341	-1236045.6233	-1343858.1924
22150000	-1346805.2317	-1235165.6362	-1344571.7447
22200000	-1348297.5063	-1237061.9888	-1343480.7513
22250000	-1347762.2270	-1236833.8144	-1345339.3072
22300000	-1347610.6428	-1236842.4967	-1343587.9332
22350000	-1348270.8917	-1236499.5273	-1343289.2921
22400000	-1346780.9359	-1236715.4712	-1344970.0062
22450000	-1346916.4412	-1237152.0804	-1345424.8142
22500000	-1347751.8563	-1235901.8720	-1343938.2764
22550000	-1347501.4654	-1236819.4460	-1344015.4369
22600000	-1347786.5219	-1237326.7014	-1343450.1978
22650000	-1347374.9059	-1235771.8293	-1344685.4390
22700000	-1347513.1801	-1236097.4389	-1345064.3563
22750000	-1347814.4099	-1236251.0088	-1344981.6037
22800000	-1347488.2983	-1236016.2425	-1345576.6958
22850000	-1347109.9159	-1237771.6996	-1343614.6142
22900000	-1347490.0280	-1237233.2927	-1345080.9979
22950000	-1346715.3208	-1236118.3676	-1344320.8306
23000000	-1347935.1470	-1237494.8314	-1345210.9859
23050000	-1345799.2567	-1236441.5837	-1344926.7172
23100000	-1347421.5583	-1236929.8165	-1344625.8953
23150000	-1347695.6210	-1237908.4790	-1343888.7047
23200000	-1347822.7520	-1239213.8591	-1345347.5661
23250000	-1347253.5309	-1236651.4788	-1344837.3099
23300000	-1347330.5179	-1235316.4009	-1344311.4103
23350000	-1346920.1260	-1237263.0159	-1344556.3938
23400000	-1348710.3017	-1236127.9557	-1343775.3473
23450000	-1347495.0956	-1237428.0937	-1344994.6705
23500000	-1347661.5290	-1235698.9262	-1344845.8399
23550000	-1348658.0854	-1237482.9174	-1343084.6296
23600000	-1347475.5558	-1236177.0680	-1344485.7907
23650000	-1348020.2654	-1236085.4379	-1345602.1945
23700000	-1346375.9858	-1236645.8889	-1343052.4204
23750000	-1349809.0358	-1237220.4904	-1343991.1585
23800000	-1347396.4395	-1235404.0657	-1345212.1444
23850000	-1347052.0729	-1238432.7580	-1344692.0512
23900000	-1347335.4332	-1236911.0743	-1342903.3291
23950000	-1347087.7665	-1237647.5631	-1344335.9191
24000000	-1346632.1775	-1236849.7281	-1344529.9216
24050000	-1346728.7274	-1236980.6925	-1344673.9514
24100000	-1346923.0018	-1236180.8760	-1346126.0022
24150000	-1347362.1934	-1236555.7713	-1344107.2587
24200000	-1347760.0172	-1238140.2844	-1343214.6699
24250000	-1348263.3976	-1237110.7585	-1345828.0976
24300000	-1347603.8315	-1236140.8200	-1345202.9755
24350000	-1348184.3502	-1235458.0968	-1343556.3469
24400000	-1346673.4506	-1237538.4215	-1344463.4507
24450000	-1347373.8506	-1235971.8203	-1345252.2237
24500000	-1347719.2814	-1236571.2312	-1344732.3041
24550000	-1347892.3651	-1237425.0065	-1344968.6946
24600000	-1346544.9872	-1235839.5725	-1344188.2936
24650000	-1347465.4603	-1236916.4259	-1344306.8799
24700000	-1348656.3257	-1237169.7578	-1345123.0225
24750000	-1347233.6090	-1235980.9870	-1342559.7291
24800000	-1349303.1242	-1237889.3431	-1344929.6789
24850000	-1348066.2640	-1237657.9288	-1343965.4088
24900000	-1347582.8929	-1237554.9392	-1344104.4424
24950000	-1348175.0025	-1238346.0399	-1344127.9594
25000000	-1345940.7337	-1236886.8322	-1344704.6591
25050000	-1347322.3879	-1235865.3345	-1343288.6740
25100000	-1346786.8996	-1237139.5520	-1346528.6741
25150000	-1347833.9010	-1237246.4867	-1345506.6940
25200000	-1347175.1531	-1237610.7304	-1344074.5175
25250000	-1347187.3882	-1237968.1773	-1343231.6047
25300000	-1346749.0031	-1234954.7078	-1344366.7556
25350000	-1347669.3007	-1235804.8488	-1343662.1933
25400000	-1346189.9498	-1236939.0519	-1344726.4882
25450000	-1349075.9222	-1236837.0283	-1344047.8865
25500000	-1348447.5881	-1237072.8485	-1345534.4844
25550000	-1348426.0047	-1235360.5821	-1345169.2229
25600000	-1345859.2754	-1236669.4686	-1344793.9603
25650000	-1345853.8065	-1236179.1845	-1345493.9421
25700000	-1347233.2390	-1236733.7163	-1343856.5502
25750000	-1347655.3183	-1238331.0539	-1344824.8283
25800000	-1347735.7951	-1236236.4986	-1345349.6816
25850000	-1348650.4452	-1236639.6231	-1344755.7849
25900000	-1347078.2674	-1236409.5378	-1344876.4431
25950000	-1348198.0785	-1237176.1519	-1344857.6943
26000000	-1347400.2019	-1236200.0285	-1344874.6140
26050000	-1348503.0993	-1236107.7117	-1344563.5211
26100000	-1349151.0309	-1237028.8285	-1342873.5847
26150000	-1348078.8390	-1236767.6525	-1345890.9780
26200000	-1348386.7286	-1236870.5331	-1345710.1628
26250000	-1348614.7843	-1236428.6027	-1346250.5925
26300000	-1346800.7899	-1236581.6584	-1343076.2285
26350000	-1348261.1589	-1236778.4240	-1344129.8212
26400000	-1347066.4867	-1235814.5686	-1345557.6439
26450000	-1349040.8863	-1237238.1448	-1344176.8370
26500000	-1347154.2715	-1236338.8561	-1344030.0867
26550000	-1347780.3260	-1236810.8802	-1345805.1941
26600000	-1347583.5362	-1236520.4733	-1344364.1806
26650000	-1346721.0176	-1237174.7017	-1344166.0557
26700000	-1347935.7542	-1237443.9387	-1344174.0549
26750000	-1347489.2805	-1236150.1644	-1344510.1825
26800000	-1347238.6482	-1237036.7692	-1344433.7065
26850000	-1346846.1803	-1235868.9744	-1344255.9133
26900000	-1347133.1863	-1238334.8815	-1346248.3130
26950000	-1348107.0781	-1236248.6650	-1344507.1832
27000000	-1345994.8844	-1237725.3220	-1344194.8203
27050000	-1347600.6649	-1236137.8619	-1343685.9595
27100000	-1348158.2755	-1237833.5245	-1345085.6169
27150000	-1347094.6152	-1236897.3814	-1344710.3051
27200000	-1348386.1684	-1236405.9533	-1343857.2928
27250000	-1348490.5407	-1237077.1548	-1346172.5532
27300000	-1346900.2602	-1237121.6600	-1344576.2762
27350000	-1346390.2106	-1236120.3879	-1343931.0700
27400000	-1346805.7942	-1235116.5525	-1344916.8019
27450000	-1347867.0599	-1238363.1569	-1345124.0024
27500000	-1345977.2958	-1236332.6990	-1344066.9814
27550000	-1347650.4225	-1236650.2904	-1345308.1892
27600000	-1347279.5628	-1235983.0472	-1343412.6671
27650000	-1347304.6833	-1237027.1843	-1344057.8726
27700000	-1346950.2440	-1236807.3009	-1342434.1448
27750000	-1346956.2490	-1236187.1921	-1344028.5270
27800000	-1346698.7253	-1236532.1669	-1345116.8051
27850000	-1346511.8857	-1235542.2681	-1344809.3055
27900000	-1346961.6773	-1236812.9351	-1344386.8723
27950000	-1348125.6798	-1237375.6684	-1343245.0503
28000000	-1347727.0257	-1238446.4265	-1345020.3976
28050000	-1347707.1603	-1235779.9203	-1345382.8872
28100000	-1347643.5752	-1238389.9020	-1344239.5616
28150000	-1347627.5378	-1237717.5283	-1346232.8912
28200000	-1347573.4120	-1235295.8585	-1344610.2197
28250000	-1348335.0301	-1236252.4644	-1345666.4113
28300000	-1347878.9644	-1237654.9681	-1345198.8172
28350000	-1347816.5726	-1236491.1887	-1343872.0922
28400000	-1347562.3944	-1236887.0032	-1345885.4964
28450000	-1347627.5280	-1236181.4042	-1345424.8003
28500000	-1346935.5270	-1236988.8972	-1344345.6778
28550000	-1347848.4044	-1236173.0588	-1343831.4501
28600000	-1347606.0290	-1237586.6324	-1344061.2208
28650000	-1348762.0635	-1236686.2362	-1345612.6915
28700000	-1347699.7600	-1237406.9345	-1343364.1570
28750000	-1346954.2587	-1235816.0627	-1344188.7315
28800000	-1346608.8691	-1236832.6211	-1344008.5285
28850000	-1346792.7691	-1236200.9415	-1344347.0486
28900000	-1348214.2152	-1236003.7783	-1344913.6089
28950000	-1347175.4485	-1238677.5254	-1344816.6502
29000000	-1348937.9015	-1236300.1902	-1344423.3178
29050000	-1347727.3193	-1235939.6622	-1344046.1297
29100000	-1347993.1860	-1238245.8228	-1345131.5551
29150000	-1348150.8144	-1235817.8759	-1345470.1006
29200000	-1347775.9148	-1235723.9392	-1344300.5576
29250000	-1347180.6147	-1236851.0026	-1344032.5264
29300000	-1348322.0486	-1236057.6655	-1344775.1083
29350000	-1347106.3718	-1237774.7432	-1346354.5361
29400000	-1347603.4714	-1235753.8596	-1342441.3884
29450000	-1348603.1487	-1235375.0618	-1344214.6792
29500000	-1348008.4915	-1236286.1327	-1345252.2919
29550000	-1346241.7077	-1237817.9813	-1345419.4997
29600000	-1348453.6742	-1236805.8242	-1345589.0240
29650000	-1347228.6289	-1238013.3960	-1342199.5449
29700000	-1345808.8457	-1237065.0506	-1344981.8357
29750000	-1346905.7601	-1236758.9997	-1346724.7468
29800000	-1347719.3950	-1236144.5563	-1344360.1809
29850000	-1346073.9347	-1237351.4208	-1344994.2772
29900000	-1349855.6166	-1237693.2907	-1342489.4241
29950000	-1347017.9027	-1236148.1319	-1344886.6753
30000000	-1348867.0113	-1236187.9167	-1343620.3116
30050000	-1348063.0418	-1236466.3465	-1344594.4291
30100000	-1347992.5351	-1236683.4000	-1345277.1595
30150000	-1346655.1820	-1236426.1655	-1344411.5449
30200000	-1347438.6793	-1237587.7007	-1343317.9505
30250000	-1346427.0805	-1237369.5659	-1343431.7824
30300000	-1347421.4451	-1237827.5017	-1345854.6918
30350000	-1345635.4598	-1235604.2479	-1344980.2149
30400000	-1347080.8377	-1237281.5241	-1343749.9508
30450000	-1347969.1736	-1235677.0527	-1343851.6331
30500000	-1347956.6351	-1236894.5981	-1345890.3194
30550000	-1349051.1342	-1237102.4792	-1344228.9560
30600000	-1348165.3024	-1236818.4451	-1345053.9530
30650000	-1347948.4700	-1237518.8251	-1345255.5989
30700000	-1347982.9200	-1237623.2494	-1344632.4771
30750000	-1348464.4204	-1236637.8242	-1344536.0423
30800000	-1346813.4959	-1237246.2938	-1344022.1992
30850000	-1346754.2223	-1235720.1757	-1346507.2667
30900000	-1348265.7243	-1237521.2903	-1344467.1229
30950000	-1347715.1116	-1236453.2489	-1346752.9235
31000000	-1347562.1261	-1235840.1028	-1343217.4227
31050000	-1347347.7390	-1236590.0801	-1344346.1306
31100000	-1348803.0075	-1237478.9063	-1343689.3771
31150000	-1347192.3430	-1235590.8895	-1345691.0152
31200000	-1347375.6130	-1235974.9865	-1345014.0913
31250000	-1347092.9703	-1236916.3319	-1344675.6280
31300000	-1345313.7475	-1237642.2720	-1344324.1562
31350000	-1347500.2672	-1237006.6109	-1344173.4806
31400000	-1347730.6675	-1235117.7982	-1344774.6179
31450000	-1347209.2652	-1238754.0102	-1344166.7200
31500000	-1346004.4189	-1235690.0422	-1345502.4051
31550000	-1346948.2571	-1237201.5314	-1345607.5384
31600000	-1347342.3474	-1237237.3375	-1345528.6281
31650000	-1347811.7501	-1236778.7654	-1345078.4264
31700000	-1347378.3082	-1236860.3744	-1342646.7895
31750000	-1346191.3428	-1236187.5536	-1343648.3723
31800000	-1347861.5803	-1236332.3965	-1343944.5173
31850000	-1347675.3739	-1236332.9836	-1344855.5581
31900000	-1346628.8198	-1237343.3055	-1344502.0812
31950000	-1348391.4835	-1235798.6758	-1343981.5907
32000000	-1346295.1460	-1235691.9535	-1344386.9741
32050000	-1347154.6243	-1235781.0213	-1344966.7693
32100000	-1347431.9165	-1236391.9695	-1343959.1870
32150000	-1346408.2425	-1236420.2156	-1344099.8011
32200000	-1347877.8470	-1236906.0680	-1344063.1129
32250000	-1347550.2639	-1237491.4964	-1343618.0673
32300000	-1349541.1538	-1236528.1416	-1345237.3596
32350000	-1347717.2447	-1237141.1018	-1344567.4939
32400000	-1347664.7311	-1237672.6897	-1344681.2729
32450000	-1347305.4844	-1236925.7476	-1345351.4691
32500000	-1346551.2171	-1236677.0509	-1343912.4111
32550000	-1346983.2931	-1237070.1140	-1345098.8464
32600000	-1348603.4265	-1235008.5585	-1343493.9600
32650000	-1348226.7128	-1237367.1379	-1345493.2865
32700000	-1347119.3810	-1237283.5653	-1344253.5168
32750000	-1347449.4221	-1235948.4790	-1344002.4579
32800000	-1347184.2550	-1236752.7656	-1344684.0726
32850000	-1346357.1140	-1235353.8496	-1345284.1650
32900000	-1347585.9808	-1236841.3759	-1343329.1417
32950000	-1347861.0666	-1234489.5915	-1344985.6027
33000000	-1348290.4982	-1236121.7974	-1343990.6072
33050000	-1348084.8944	-1237302.4282	-1345076.2743
33100000	-1347896.0940	-1235228.4087	-1344516.5187
33150000	-1346615.0356	-1238010.7123	-1345280.1623
33200000	-1346842.6759	-1237026.6398	-1343747.7418
33250000	-1348220.9832	-1236388.7366	-1344949.9647
33300000	-1347690.9096	-1236629.5053	-1342822.2997
33350000	-1346892.6984	-1236603.9611	-1344832.2971
33400000	-1348505.3058	-1235457.3515	-1344024.3542
33450000	-1347641.7598	-1236074.8066	-1343716.4048
33500000	-1348352.9759	-1237502.9890	-1343305.3400
33550000	-1347980.3340	-1237883.4088	-1344093.8256
33600000	-1347345.3238	-1236988.0720	-1344716.8597
33650000	-1348616.4908	-1236930.5771	-1344967.5769
33700000	-1347526.9694	-1236024.8611	-1343839.8579
33750000	-1348472.8487	-1235799.1216	-1344545.2114
33800000	-1348239.4812	-1236793.7619	-1345163.3065
33850000	-1348150.8888	-1237745.3572	-1345147.9382
33900000	-1347071.9858	-1236179.9844	-1345000.2828
33950000	-1347758.3843	-1237418.7272	-1344307.7899
34000000	-1346041.0581	-1236731.1177	-1343331.1563
34050000	-1347630.0236	-1237650.1473	-1344820.1119
34100000	-1347785.0615	-1236204.0177	-1344740.2191
34150000	-1347292.6541	-1236757.5149	-1345815.8176
34200000	-1346847.0956	-1235883.8375	-1345645.0674
34250000	-1347187.3696	-1235898.6639	-1343832.9060
34300000	-1347615.8679	-1238151.4433	-1344550.4249
34350000	-1348176.3653	-1237753.4597	-1343749.8608
34400000	-1348638.4008	-1237473.8911	-1344507.5612
34450000	-1347832.7105	-1236409.9099	-1344626.1398
34500000	-1347266.1418	-1236898.1528	-1344553.7181
34550000	-1347774.3425	-1236075.0995	-1344214.9604
34600000	-1348708.2865	-1238232.9369	-1345711.7167
34650000	-1347354.8803	-1236614.0359	-1343186.3909
34700000	-1346565.4953	-1236240.6805	-1343981.3170
34750000	-1348893.9276	-1236929.9911	-1346108.8790
34800000	-1347852.7005	-1237374.0606	-1344622.3521
34850000	-1348968.6435	-1236754.2567	-1343975.1555
34900000	-1348448.2071	-1237507.5888	-1345252.3736
34950000	-1347144.2744	-1237432.4540	-1345926.2448
35000000	-1346918.9179	-1237125.5939	-1344506.0745
35050000	-1347700.2266	-1236212.6825	-1345253.3788
35100000	-1345878.9003	-1235893.0131	-1343336.3751
35150000	-1347935.5233	-1237127.9730	-1344421.7446
35200000	-1347328.0275	-1238039.6054	-1345076.0996
35250000	-1347783.2254	-1236923.0612	-1344859.9214
35300000	-1345787.2071	-1236279.1396	-1343908.1382
35350000	-1348405.4302	-1236752.2433	-1344238.6144
35400000	-1347332.2381	-1236347.4507	-1343925.8680
35450000	-1345981.5658	-1237929.5298	-1343142.6435
35500000	-1348670.9535	-1236769.1131	-1344440.5418
35550000	-1347051.7591	-1238111.7192	-1344576.0403
35600000	-1347422.3314	-1238344.7814	-1344508.1017
35650000	-1348482.0205	-1236536.0987	-1346209.2473
35700000	-1347128.4352	-1237874.4982	-1344035.1688
35750000	-1347487.7130	-1236243.8556	-1343672.0733
35800000	-1347036.6855	-1235520.9512	-1344063.7181
35850000	-1346969.5856	-1236399.9916	-1343497.8671
35900000	-1345755.3112	-1236827.3098	-1343385.9550
35950000	-1348040.5514	-1236543.0007	-1344959.0608
36000000	-1348058.3588	-1236124.2264	-1344392.5747
36050000	-1347826.3196	-1236073.1515	-1343840.6049
36100000	-1348042.1745	-1237468.8930	-1345367.7042
36150000	-1348263.1015	-1237682.8462	-1344436.8903
36200000	-1346538.3423	-1236326.9707	-1346495.0157
36250000	-1348383.0015	-1237805.3923	-1345813.7564
36300000	-1347085.3086	-1236209.1050	-1344336.9590
36350000	-1348785.5192	-1237112.6765	-1345017.6687
36400000	-1346642.9689	-1237672.4615	-1344656.1328
36450000	-1346400.0045	-1236571.3646	-1344455.2516
36500000	-1347194.8112	-1236746.1844	-1345916.4399
36550000	-1349198.6978	-1237224.3303	-1344893.3136
36600000	-1347057.6439	-1238853.6249	-1343276.9780
36650000	-1347758.3227	-1237228.0536	-1344525.1664
36700000	-1348601.3328	-1237382.0053	-1343234.5688
36750000	-1347939.8793	-1238340.8510	-1346261.9441
36800000	-1347775.1073	-1235830.6219	-1344325.5166
36850000	-1348231.4548	-1236791.9019	-1345368.4491
36900000	-1347410.9726	-1238813.5260	-1342862.1185
36950000	-1347062.7645	-1236244.5478	-1343830.8234
37000000	-1347613.9376	-1237676.4305	-1344530.3495
37050000	-1348275.0319	-1237181.5861	-1345481.3135
37100000	-1346675.8906	-1236579.2884	-1346181.8640
37150000	-1345455.1922	-1236070.4577	-1344567.0863
37200000	-1347414.0540	-1236226.3264	-1344273.0602
37250000	-1347263.0091	-1236921.6770	-1345594.3105
37300000	-1346793.0989	-1237645.8285	-1344599.8477
37350000	-1348786.7808	-1237314.8398	-1344791.7387
37400000	-1347402.3677	-1236928.2469	-1345102.3480
37450000	-1347942.1097	-1236050.3435	-1343928.3172
37500000	-1346706.7263	-1236308.6889	-1345306.4126
37550000	-1349294.9207	-1237992.1854	-1344800.6666
37600000	-1347495.5245	-1237768.6764	-1343679.6538
37650000	-1347368.9157	-1237642.0382	-1346130.4876
37700000	-1346579.6264	-1235552.6937	-1344273.5233
37750000	-1347414.0565	-1236607.8133	-1344683.5161
37800000	-1347879.7376	-1235120.9375	-1345102.7985
37850000	-1348184.4810	-1236817.7405	-1344626.5050
37900000	-1345348.3634	-1235972.5579	-1343612.8620
37950000	-1346510.2213	-1236939.7578	-1345355.4955
38000000	-1346592.9553	-1237209.8817	-1344792.8431
38050000	-1346205.7686	-1236936.5020	-1345329.9071
38100000	-1348128.8847	-1236778.1064	-1344832.0593
38150000	-1347895.0805	-1237521.7273	-1344921.0965
38200000	-1346642.7342	-1236661.9236	-1344753.1485
38250000	-1348060.5269	-1236184.7161	-1344625.3269
38300000	-1347835.4404	-1237204.0783	-1344407.3085
38350000	-1346250.8551	-1236906.7073	-1343769.7451
38400000	-1347585.6078	-1237607.0879	-1345483.1119
38450000	-1347487.4548	-1236994.1985	-1344293.8055
38500000	-1346095.2040	-1238019.0758	-1345001.4406
38550000	-1347665.3657	-1236047.1717	-1344766.1665
38600000	-1347429.1301	-1237279.1927	-1344532.3125
38650000	-1347184.2377	-1236984.7690	-1345155.2369
38700000	-1347698.5161	-1237352.3163	-1344344.3937
38750000	-1347336.2505	-1237122.7821	-1345201.8014
38800000	-1346992.3426	-1236731.2002	-1345416.3521
38850000	-1347164.7622	-1236578.6678	-1344014.6157
38900000	-1346449.2175	-1236664.6882	-1346637.3619
38950000	-1347094.4222	-1236952.4026	-1344545.0107
39000000	-1348788.5049	-1237742.5058	-1343479.7419
39050000	-1347766.5668	-1237007.5533	-1343845.2774
39100000	-1348172.0277	-1237038.2959	-1344723.4176
39150000	-1348038.6688	-1235220.3954	-1344721.3651
39200000	-1349347.0817	-1235977.3812	-1344141.8523
39250000	-1348096.8159	-1236981.9024	-1344726.4188
39300000	-1347536.0582	-1236717.7171	-1345391.7141
39350000	-1347968.9667	-1235325.6985	-1344328.9757
39400000	-1347888.6140	-1237507.6901	-1344856.8497
39450000	-1348458.4430	-1235833.5308	-1344676.8942
39500000	-1347162.3291	-1236992.4747	-1344942.5611
39550000	-1345975.1066	-1236465.3590	-1344273.9593
39600000	-1347557.9244	-1235609.4445	-1343964.8318
39650000	-1347564.1148	-1236501.8214	-1344246.8388
39700000	-1346942.1845	-1235649.2498	-1344363.9375
39750000	-1347163.6546	-1238805.1055	-1343723.7304
39800000	-1348686.6301	-1237351.4844	-1344254.1801
39850000	-1347834.9754	-1237419.0075	-1346918.7707
39900000	-1348568.6352	-1236954.1594	-1345076.9475
39950000	-1347605.9445	-1235936.8642	-1345792.0457
40000000	-1347996.1025	-1237598.4694	-1344838.9596
40050000	-1346914.3898	-1236505.3771	-1344721.6800
40100000	-1349102.2350	-1237346.7538	-1345534.6392
40150000	-1346381.9233	-1237472.6233	-1345541.2730
40200000	-1348246.7246	-1237779.6133	-1345476.3487
40250000	-1347528.0894	-1237180.2596	-1345513.4991
40300000	-1347269.2641	-1235271.7436	-1344489.3565
40350000	-1347230.5873	-1236024.5544	-1343135.1409
40400000	-1347532.0824	-1238325.1997	-1344784.4318
40450000	-1347263.7143	-1236980.2155	-1345197.1175
40500000	-1346556.1222	-1237531.2705	-1344704.6558
40550000	-1346998.5152	-1236788.1251	-1344543.1112
40600000	-1347919.6568	-1236880.3929	-1346002.1113
40650000	-1348906.8355	-1234749.7270	-1345381.1004
40700000	-1347965.9965	-1236977.9287	-1344273.2311
40750000	-1347901.7356	-1236259.1431	-1344541.4987
40800000	-1348579.6939	-1236206.1631	-1345273.1382
40850000	-1348850.5697	-1237491.2156	-1345077.0714
40900000	-1346317.6592	-1236880.6825	-1343651.7902
40950000	-1347590.7138	-1236859.4580	-1344953.8230
41000000	-1348295.3420	-1235850.5043	-1344919.3578
41050000	-1348009.2735	-1235305.8413	-1345585.7157
41100000	-1347733.0607	-1236209.9141	-1344506.6884
41150000	-1347960.1118	-1237557.1827	-1344784.9213
41200000	-1347080.4754	-1236475.9215	-1344684.4593
41250000	-1347647.6415	-1236021.5195	-1344619.5742
41300000	-1347893.7872	-1237306.0281	-1344359.6973
41350000	-1346650.9750	-1236346.6627	-1345250.8724
41400000	-1346323.1970	-1237633.2765	-1344217.8510
41450000	-1346153.3149	-1236295.8004	-1344542.8643
41500000	-1347305.6372	-1237225.1487	-1344271.3243
41550000	-1346748.5736	-1236575.2742	-1345643.5115
41600000	-1348550.6118	-1236354.6122	-1344298.0890
41650000	-1346367.2774	-1237735.4545	-1344316.6331
41700000	-1347184.4808	-1236901.8305	-1346588.4384
41750000	-1345710.3789	-1237251.7019	-1345638.8105
41800000	-1348118.9074	-1237389.4316	-1344251.7689
41850000	-1347375.3680	-1236616.5078	-1343451.7016
41900000	-1347315.1971	-1236193.6321	-1343658.7062
41950000	-1347854.0776	-1236908.9155	-1343653.3578
42000000	-1347216.0200	-1236552.3038	-1344620.4134
42050000	-1347174.3616	-1235698.4309	-1344544.5636
42100000	-1347912.5339	-1236589.4598	-1344098.2243
42150000	-1347098.1056	-1237074.0699	-1344221.0287
42200000	-1348456.3930	-1237141.2960	-1344690.4141
42250000	-1346973.7873	-1237012.5777	-1344548.2974
42300000	-1346625.9667	-1236429.6652	-1344535.3060
42350000	-1348358.5859	-1237750.7759	-1343637.1898
42400000	-1347763.0334	-1236187.1051	-1344567.0984
42450000	-1347503.7945	-1237707.5206	-1345540.9314
42500000	-1348189.9452	-1236416.1629	-1343211.6639
42550000	-1347186.7755	-1236048.9116	-1344250.6232
42600000	-1347809.6890	-1237979.5946	-1343805.3013
42650000	-1348408.4851	-1236938.1950	-1344600.5800
42700000	-1348158.9717	-1237751.9031	-1343940.4926
42750000	-1346649.3069	-1237197.6013	-1345104.6855
42800000	-1348303.2820	-1237018.5981	-1344989.4000
42850000	-1348794.7598	-1235985.4154	-1344171.5458
42900000	-1346391.6153	-1237172.9912	-1345309.3792
42950000	-1347054.7681	-1235086.0943	-1345499.0215
43000000	-1349051.4456	-1235978.5770	-1343443.8095
43050000	-1346999.5991	-1236879.4344	-1344628.9584
43100000	-1347255.8690	-1236931.5864	-1345276.1642
43150000	-1347471.9270	-1237216.8438	-1344521.5115
43200000	-1347682.7053	-1236953.3454	-1343190.3810
43250000	-1347728.9075	-1237015.3835	-1345894.9862
43300000	-1347850.6336	-1236308.8601	-1343781.4627
43350000	-1347023.7203	-1236591.0046	-1346287.7705
43400000	-1347302.9169	-1235995.6262	-1343976.2901
43450000	-1347635.3745	-1236925.3572	-1343094.2388
43500000	-1346302.2787	-1236569.2741	-1343965.9935
43550000	-1347880.9007	-1235924.9318	-1344032.5047
43600000	-1346432.4826	-1238906.2047	-1345505.9086
43650000	-1346965.2315	-1236878.6162	-1344082.4105
43700000	-1346643.1570	-1236068.2906	-1344450.0690
43750000	-1346672.5500	-1236925.3424	-1344862.5305
43800000	-1348602.6310	-1236496.6032	-1345252.6787
43850000	-1346948.7398	-1238123.2438	-1344878.0995
43900000	-1348510.0769	-1237186.2907	-1343956.6201
43950000	-1347757.2150	-1236203.6331	-1343815.9589
44000000	-1348406.9123	-1238141.5176	-1346056.5427
44050000	-1347928.1721	-1235756.1398	-1344612.4606
44100000	-1349098.4831	-1236731.3843	-1345235.7511
44150000	-1347482.6983	-1237387.7600	-1343834.5109
44200000	-1346425.2464	-1236045.2654	-1343792.4535
44250000	-1347392.8090	-1236384.1152	-1343726.7273
44300000	-1348216.0270	-1236620.5182	-1345753.0364
44350000	-1348038.8894	-1237561.3449	-1344388.0546
44400000	-1346526.4810	-1237068.8093	-1345023.7229
44450000	-1347247.5893	-1236182.5922	-1344613.8519
44500000	-1347762.0760	-1235885.2299	-1343330.3418
44550000	-1347223.3837	-1236002.5245	-1344834.2027
44600000	-1348355.9452	-1236248.1143	-1344897.9226
44650000	-1347891.3265	-1237378.1849	-1343788.3366
44700000	-1348027.1006	-1237368.6237	-1345038.3511
44750000	-1345601.6747	-1238550.9891	-1343470.3005
44800000	-1346993.1248	-1237084.7164	-1345141.5215
44850000	-1347162.0351	-1237142.7321	-1345010.6433
44900000	-1346878.2825	-1237419.4482	-1342200.2009
44950000	-1347043.5106	-1237887.9202	-1344950.4267
45000000	-1347539.0323	-1236346.5747	-1344200.9742
45050000	-1345926.9722	-1236833.5140	-1344111.3568
45100000	-1347309.8665	-1236637.6118	-1343199.7919
45150000	-1346792.8243	-1237838.9045	-1343919.2029
45200000	-1349032.9733	-1238177.4689	-1343488.1131
45250000	-1347807.5233	-1237965.4548	-1345062.5904
45300000	-1346933.7047	-1236723.7014	-1343232.5716
45350000	-1346742.1997	-1237483.6013	-1346139.1859
45400000	-1347761.0590	-1236852.8715	-1345246.0194
45450000	-1346032.1969	-1236022.0668	-1343945.3884
45500000	-1346582.8442	-1235715.0370	-1344341.9735
45550000	-1348488.1542	-1237497.8717	-1345790.5510
45600000	-1347040.4285	-1235603.2098	-1346184.8083
45650000	-1347292.4367	-1236627.2019	-1343763.2353
45700000	-1347111.6671	-1236112.4859	-1345199.2595
45750000	-1347744.2392	-1237530.3923	-1345054.4912
45800000	-1346755.7729	-1236994.9293	-1346188.1637
45850000	-1347436.3220	-1236015.5314	-1344079.3555
45900000	-1347283.3045	-1236761.9859	-1344643.4538
45950000	-1347434.1029	-1237060.6318	-1343759.5597
46000000	-1347477.0935	-1237004.3970	-1344874.1015
46050000	-1347508.9355	-1236427.9474	-1344271.8485
46100000	-1346960.1081	-1235775.7554	-1343579.1565
46150000	-1349849.9870	-1236587.8216	-1345410.2040
46200000	-1346910.3074	-1237195.7821	-1344578.3225
46250000	-1348356.8751	-1236934.7094	-1344137.6187
46300000	-1347166.8637	-1237415.7113	-1344134.5693
46350000	-1347362.4183	-1237318.4759	-1343516.3469
46400000	-1346627.5225	-1237063.1839	-1344612.7814
46450000	-1346510.9020	-1238564.1625	-1344071.2321
46500000	-1346819.8555	-1236491.1752	-1345563.0583
46550000	-1347360.5830	-1237714.2694	-1344006.2084
46600000	-1347404.4698	-1236223.1913	-1344003.3438
46650000	-1347935.9045	-1237571.9297	-1343841.4740
46700000	-1347903.3087	-1236036.1158	-1344573.5501
46750000	-1347461.9819	-1237991.3149	-1345258.5298
46800000	-1346136.5034	-1236866.2302	-1344486.5125
46850000	-1348293.8333	-1236855.3132	-1343268.6147
46900000	-1347508.6892	-1236019.2517	-1343878.6565
46950000	-1346968.6056	-1235876.0106	-1343898.3928
47000000	-1347287.9675	-1236510.7176	-1344699.9936
47050000	-1347353.3298	-1236623.5115	-1344818.3335
47100000	-1346740.3263	-1239452.2009	-1343053.2733
47150000	-1345153.0274	-1237179.7976	-1343553.2272
47200000	-1346100.7390	-1237301.5339	-1344697.8735
47250000	-1345843.5174	-1236212.4163	-1345159.3229
47300000	-1347711.9051	-1236950.0381	-1344493.4851
47350000	-1348537.1903	-1237875.3368	-1344622.5553
47400000	-1348963.1540	-1236544.7920	-1346128.0775
47450000	-1346988.6670	-1237576.2630	-1345145.5529
47500000	-1347192.0064	-1237532.2429	-1345273.2813
47550000	-1347798.3766	-1236867.7846	-1343851.2974
47600000	-1348095.7261	-1237966.9302	-1344290.6638
47650000	-1348775.9912	-1236287.8916	-1344472.5369
47700000	-1347574.6852	-1236601.3472	-1345112.9521
47750000	-1348177.0117	-1236161.3471	-1345702.5503
47800000	-1347599.7059	-1236456.8196	-1344860.7507
47850000	-1347310.2977	-1236572.6251	-1343867.3761
47900000	-1347817.4043	-1236607.2331	-1344298.7735
47950000	-1347151.1182	-1237633.8936	-1346262.7849
48000000	-1347361.7659	-1235902.9690	-1343258.0689
48050000	-1348597.7313	-1235725.9229	-1344361.7189
48100000	-1347560.2570	-1236686.0191	-1344934.5968
48150000	-1345584.6768	-1237538.6414	-1344786.2056
48200000	-1347651.4653	-1236481.3290	-1343287.4049
48250000	-1347237.3152	-1237759.3542	-1344372.7475
48300000	-1347444.0709	-1237036.1187	-1344613.3471
48350000	-1346555.2685	-1236223.1354	-1345632.9856
48400000	-1347248.5253	-1238479.3020	-1344502.2910
48450000	-1345569.9215	-1236664.6974	-1345590.6504
48500000	-1346644.6103	-1236900.9158	-1343935.0092
48550000	-1345957.4328	-1236183.4075	-1345155.0429
48600000	-1347880.0851	-1236608.0367	-1343130.7775
48650000	-1347462.9267	-1236732.5433	-1345928.5254
48700000	-1346672.9269	-1237976.5744	-1343904.7606
48750000	-1346973.7840	-1238149.3065	-1345256.4994
48800000	-1347177.8804	-1236154.9062	-1344384.2843
48850000	-1348073.5597	-1236845.0501	-1342684.7707
48900000	-1346080.0931	-1236139.5840	-1344658.1948
48950000	-1347560.1851	-1238473.8089	-1344110.2278
49000000	-1348278.6747	-1236978.2862	-1344723.1714
49050000	-1347441.7048	-1235984.0030	-1345396.7017
49100000	-1348159.5001	-1237453.7875	-1344403.3288
49150000	-1347507.9484	-1236554.3353	-1345724.2008
49200000	-1346786.4983	-1237466.1163	-1346105.7949
49250000	-1346617.3466	-1236063.5412	-1343586.4523
49300000	-1347555.7679	-1235952.6220	-1343730.1331
49350000	-1346726.1590	-1238757.9509	-1346537.7259
49400000	-1346902.2478	-1237282.8878	-1342341.7590
49450000	-1347741.9567	-1236564.5038	-1344155.1662
49500000	-1346671.4393	-1236351.2491	-1345612.2160
49550000	-1347131.0809	-1237212.3931	-1345450.5364
49600000	-1347027.6004	-1236715.9365	-1342683.0817
49650000	-1346041.3215	-1236751.1517	-1345672.0845
49700000	-1346455.0607	-1237648.6411	-1345452.5503
49750000	-1347604.5919	-1236334.8127	-1343729.2512
49800000	-1347928.8323	-1236741.2278	-1344621.2989
49850000	-1348019.0911	-1236885.3164	-1344493.6203
49900000	-1347639.0778	-1236005.9852	-1343232.5539
49950000	-1346995.4383	-1236716.9244	-1346204.9370
50000000	-1348556.1977	-1235165.1771	-1344319.0853