TS Eel(kcal/mol)
0 -1235878.4028
50000 -1237450.1970
100000 -1237170.8238
150000 -1238833.2636
200000 -1237263.7875
250000 -1237044.8380
300000 -1234979.4143
350000 -1236341.6690
400000 -1237470.5043
450000 -1236403.2142
500000 -1236496.2918
550000 -1237104.5365
600000 -1236078.7314
650000 -1236767.0079
700000 -1238374.2355
750000 -1237386.8475
800000 -1236009.2925
850000 -1236583.1203
900000 -1235511.1922
950000 -1237382.0554
1000000 -1236535.2679
1050000 -1236138.6199
1100000 -1236213.9063
1150000 -1238310.1447
1200000 -1237241.0372
1250000 -1236897.2978
1300000 -1236866.4556
1350000 -1237363.5862
1400000 -1234815.1535
1450000 -1237393.7101
1500000 -1236910.3178
1550000 -1237765.3265
1600000 -1236459.4698
1650000 -1236403.6439
1700000 -1235863.1595
1750000 -1236536.5866
1800000 -1237602.2727
1850000 -1235949.3035
1900000 -1235917.8085
1950000 -1236421.1369
2000000 -1238149.5276
2050000 -1238423.7855
2100000 -1236157.8992
2150000 -1236710.5401
2200000 -1236410.3585
2250000 -1236837.4126
2300000 -1237772.0641
2350000 -1236272.4586
2400000 -1237264.4014
2450000 -1237334.1900
2500000 -1234876.4240
2550000 -1236511.2899
2600000 -1236999.6929
2650000 -1236363.4923
2700000 -1237802.3168
2750000 -1235436.5077
2800000 -1237059.6492
2850000 -1237993.9829
2900000 -1236960.2832
2950000 -1236410.0533
3000000 -1236747.0059
3050000 -1237058.8385
3100000 -1237453.8568
3150000 -1237149.2415
3200000 -1236537.4465
3250000 -1237605.2798
3300000 -1237767.6909
3350000 -1238120.4557
3400000 -1237370.7032
3450000 -1236601.0782
3500000 -1237721.1076
3550000 -1236419.1876
3600000 -1237815.8520
3650000 -1236842.7483
3700000 -1236149.9399
3750000 -1237529.1701
3800000 -1236285.7203
3850000 -1235100.1715
3900000 -1237291.9822
3950000 -1237891.0036
4000000 -1236298.2670
4050000 -1238234.6211
4100000 -1236396.5893
4150000 -1237484.4122
4200000 -1236678.5245
4250000 -1236648.5867
4300000 -1237086.7947
4350000 -1237082.5577
4400000 -1237084.7195
4450000 -1235043.6026
4500000 -1238578.8157
4550000 -1238071.6051
4600000 -1236487.7919
4650000 -1237312.0185
4700000 -1235340.3070
4750000 -1237169.9650
4800000 -1237489.4155
4850000 -1236694.1298
4900000 -1237626.9162
4950000 -1237169.7991
5000000 -1236015.8014
5050000 -1235917.3804
5100000 -1236176.8396
5150000 -1235283.9711
5200000 -1235856.6795
5250000 -1237248.6086
5300000 -1236833.0553
5350000 -1235981.0938
5400000 -1236905.0955
5450000 -1238262.4590
5500000 -1236075.4255
5550000 -1236683.2828
5600000 -1238297.1931
5650000 -1235908.9083
5700000 -1237394.3728
5750000 -1237421.2888
5800000 -1236008.5877
5850000 -1236030.6234
5900000 -1237103.9029
5950000 -1237433.3997
6000000 -1235686.7619
6050000 -1236053.8456
6100000 -1235744.5060
6150000 -1238701.7589
6200000 -1237053.9648
6250000 -1235657.9917
6300000 -1235886.5895
6350000 -1236769.2741
6400000 -1235985.0251
6450000 -1237712.1076
6500000 -1237311.1848
6550000 -1236992.7178
6600000 -1236930.8194
6650000 -1237348.8400
6700000 -1236900.0701
6750000 -1237491.7107
6800000 -1237189.2904
6850000 -1235481.0738
6900000 -1237456.4506
6950000 -1238107.6608
7000000 -1237572.6825
7050000 -1236167.2814
7100000 -1235677.9144
7150000 -1237014.2267
7200000 -1238212.6148
7250000 -1236451.0506
7300000 -1236412.4895
7350000 -1236341.1229
7400000 -1237480.1614
7450000 -1235471.5084
7500000 -1237510.9661
7550000 -1236406.1379
7600000 -1236262.9198
7650000 -1237551.3575
7700000 -1234821.9516
7750000 -1236615.1593
7800000 -1236997.9150
7850000 -1237668.3865
7900000 -1236878.0299
7950000 -1237105.8698
8000000 -1235629.9068
8050000 -1236295.3327
8100000 -1235386.2283
8150000 -1237831.8942
8200000 -1235715.7799
8250000 -1236862.9112
8300000 -1234952.5340
8350000 -1236815.0752
8400000 -1236276.1612
8450000 -1236587.2882
8500000 -1237522.0956
8550000 -1236806.1352
8600000 -1236928.7063
8650000 -1236458.8219
8700000 -1236571.0815
8750000 -1236070.7970
8800000 -1236911.2439
8850000 -1236705.7639
8900000 -1237304.4636
8950000 -1236496.1112
9000000 -1237281.6539
9050000 -1237397.8332
9100000 -1235927.6706
9150000 -1237109.5575
9200000 -1237088.5598
9250000 -1235100.2977
9300000 -1236717.0897
9350000 -1237523.0955
9400000 -1237220.2369
9450000 -1237281.0950
9500000 -1235725.3317
9550000 -1237062.3274
9600000 -1236408.1165
9650000 -1237102.3366
9700000 -1237946.0327
9750000 -1236350.6301
9800000 -1235882.2504
9850000 -1236633.2551
9900000 -1236031.4978
9950000 -1236902.0700
10000000 -1235703.3654
10050000 -1236324.2276
10100000 -1236774.3518
10150000 -1236257.2123
10200000 -1235889.8367
10250000 -1236944.2574
10300000 -1237053.1116
10350000 -1236697.4252
10400000 -1235630.5489
10450000 -1237326.2411
10500000 -1236619.9546
10550000 -1237163.1925
10600000 -1237531.1078
10650000 -1237099.8921
10700000 -1234985.0263
10750000 -1236665.9283
10800000 -1236227.5814
10850000 -1237305.8482
10900000 -1238595.2233
10950000 -1237619.0683
11000000 -1236093.7175
11050000 -1237157.3900
11100000 -1236685.4840
11150000 -1237424.0164
11200000 -1235655.4718
11250000 -1236798.2999
11300000 -1236523.0830
11350000 -1237206.8444
11400000 -1236526.9057
11450000 -1237033.7342
11500000 -1235355.9223
11550000 -1236461.7110
11600000 -1237835.3558
11650000 -1237222.8050
11700000 -1236480.6958
11750000 -1237414.5227
11800000 -1236492.4220
11850000 -1237494.1409
11900000 -1236821.9996
11950000 -1236654.2568
12000000 -1236272.6732
12050000 -1236358.5853
12100000 -1235580.3563
12150000 -1237430.5001
12200000 -1236642.3180
12250000 -1236775.8703
12300000 -1237038.5680
12350000 -1235236.4035
12400000 -1236519.9975
12450000 -1236791.9803
12500000 -1237087.3566
12550000 -1237249.7964
12600000 -1236641.5820
12650000 -1237867.6414
12700000 -1237641.7400
12750000 -1236762.7081
12800000 -1237885.9617
12850000 -1236811.6614
12900000 -1237966.3393
12950000 -1237006.2662
13000000 -1236707.5891
13050000 -1236282.8662
13100000 -1236175.4257
13150000 -1237118.9344
13200000 -1236544.7168
13250000 -1236505.6552
13300000 -1236471.2346
13350000 -1237600.3072
13400000 -1236699.9363
13450000 -1236801.3758
13500000 -1237464.8043
13550000 -1236218.3341
13600000 -1238181.1518
13650000 -1236631.2764
13700000 -1236711.6881
13750000 -1237137.1485
13800000 -1237724.2945
13850000 -1236156.2900
13900000 -1236489.4525
13950000 -1236789.9141
14000000 -1236175.9380
14050000 -1236759.8318
14100000 -1237159.1167
14150000 -1237375.7799
14200000 -1237796.9182
14250000 -1236061.9203
14300000 -1237657.8707
14350000 -1236814.2446
14400000 -1236229.8422
14450000 -1235804.5596
14500000 -1237002.2777
14550000 -1237265.0157
14600000 -1235761.4960
14650000 -1235994.4848
14700000 -1237727.8740
14750000 -1236799.9226
14800000 -1235891.3259
14850000 -1237211.1245
14900000 -1236911.2803
14950000 -1236228.4722
15000000 -1236797.3242
15050000 -1236272.4347
15100000 -1235804.4025
15150000 -1238304.4481
15200000 -1235801.8351
15250000 -1236643.6783
15300000 -1237212.1454
15350000 -1236874.0219
15400000 -1235730.7301
15450000 -1238112.3185
15500000 -1237221.4643
15550000 -1236873.6339
15600000 -1235622.7252
15650000 -1235728.6950
15700000 -1236536.4509
15750000 -1235173.2713
15800000 -1235186.2274
15850000 -1236505.6913
15900000 -1236289.1310
15950000 -1236379.4488
16000000 -1236677.6523
16050000 -1238004.0026
16100000 -1237255.6472
16150000 -1236494.3879
16200000 -1237704.5144
16250000 -1236431.5805
16300000 -1236572.5603
16350000 -1236087.7838
16400000 -1236600.1914
16450000 -1236537.7452
16500000 -1237028.6100
16550000 -1236426.6767
16600000 -1236358.9793
16650000 -1236415.6199
16700000 -1235938.8493
16750000 -1235985.7581
16800000 -1236294.0843
16850000 -1236872.6668
16900000 -1235568.9843
16950000 -1237198.5793
17000000 -1235198.7210
17050000 -1235901.3138
17100000 -1236332.2087
17150000 -1237026.9316
17200000 -1237025.0947
17250000 -1237697.0716
17300000 -1236426.4835
17350000 -1236080.0248
17400000 -1236997.5346
17450000 -1235591.7179
17500000 -1236781.4125
17550000 -1236931.6736
17600000 -1235693.0806
17650000 -1236194.0984
17700000 -1237225.7171
17750000 -1238333.4002
17800000 -1235343.3019
17850000 -1238664.9450
17900000 -1237701.3218
17950000 -1236306.4779
18000000 -1237405.7153
18050000 -1236571.5296
18100000 -1236245.7739
18150000 -1236516.4645
18200000 -1236969.3503
18250000 -1236428.8117
18300000 -1235860.6083
18350000 -1236845.5158
18400000 -1237374.9715
18450000 -1235815.6191
18500000 -1239007.6202
18550000 -1237779.5342
18600000 -1237979.7923
18650000 -1235647.9427
18700000 -1237322.3301
18750000 -1236867.1457
18800000 -1239081.9081
18850000 -1237680.2953
18900000 -1237523.0638
18950000 -1237152.1796
19000000 -1237025.0300
19050000 -1236525.2906
19100000 -1236981.9926
19150000 -1237759.7246
19200000 -1237475.1407
19250000 -1236380.9089
19300000 -1237341.1390
19350000 -1238034.4395
19400000 -1236552.3814
19450000 -1236809.1154
19500000 -1236597.4678
19550000 -1237632.7202
19600000 -1236467.9079
19650000 -1236618.7809
19700000 -1236502.7336
19750000 -1236195.4919
19800000 -1238082.2401
19850000 -1237053.2299
19900000 -1238021.2719
19950000 -1237372.8653
20000000 -1236443.5770
20050000 -1238351.0292
20100000 -1237576.2040
20150000 -1237282.3714
20200000 -1236609.0976
20250000 -1237981.5502
20300000 -1237202.1207
20350000 -1235544.4508
20400000 -1235928.0730
20450000 -1237478.5381
20500000 -1237155.6727
20550000 -1236196.4694
20600000 -1236104.3225
20650000 -1236129.7421
20700000 -1235865.0127
20750000 -1237271.6451
20800000 -1237061.2856
20850000 -1237575.2000
20900000 -1235791.2447
20950000 -1238125.5561
21000000 -1237405.3866
21050000 -1237321.5194
21100000 -1236815.5086
21150000 -1238010.3684
21200000 -1236773.6334
21250000 -1235772.3849
21300000 -1237619.5176
21350000 -1235037.8710
21400000 -1238030.8965
21450000 -1236081.5174
21500000 -1236506.6110
21550000 -1237793.0659
21600000 -1236035.8262
21650000 -1236485.4154
21700000 -1236158.2696
21750000 -1236637.1314
21800000 -1234865.9632
21850000 -1234856.1916
21900000 -1237408.9321
21950000 -1238122.3796
22000000 -1236831.0656
22050000 -1236426.6643
22100000 -1236045.6233
22150000 -1235165.6362
22200000 -1237061.9888
22250000 -1236833.8144
22300000 -1236842.4967
22350000 -1236499.5273
22400000 -1236715.4712
22450000 -1237152.0804
22500000 -1235901.8720
22550000 -1236819.4460
22600000 -1237326.7014
22650000 -1235771.8293
22700000 -1236097.4389
22750000 -1236251.0088
22800000 -1236016.2425
22850000 -1237771.6996
22900000 -1237233.2927
22950000 -1236118.3676
23000000 -1237494.8314
23050000 -1236441.5837
23100000 -1236929.8165
23150000 -1237908.4790
23200000 -1239213.8591
23250000 -1236651.4788
23300000 -1235316.4009
23350000 -1237263.0159
23400000 -1236127.9557
23450000 -1237428.0937
23500000 -1235698.9262
23550000 -1237482.9174
23600000 -1236177.0680
23650000 -1236085.4379
23700000 -1236645.8889
23750000 -1237220.4904
23800000 -1235404.0657
23850000 -1238432.7580
23900000 -1236911.0743
23950000 -1237647.5631
24000000 -1236849.7281
24050000 -1236980.6925
24100000 -1236180.8760
24150000 -1236555.7713
24200000 -1238140.2844
24250000 -1237110.7585
24300000 -1236140.8200
24350000 -1235458.0968
24400000 -1237538.4215
24450000 -1235971.8203
24500000 -1236571.2312
24550000 -1237425.0065
24600000 -1235839.5725
24650000 -1236916.4259
24700000 -1237169.7578
24750000 -1235980.9870
24800000 -1237889.3431
24850000 -1237657.9288
24900000 -1237554.9392
24950000 -1238346.0399
25000000 -1236886.8322
25050000 -1235865.3345
25100000 -1237139.5520
25150000 -1237246.4867
25200000 -1237610.7304
25250000 -1237968.1773
25300000 -1234954.7078
25350000 -1235804.8488
25400000 -1236939.0519
25450000 -1236837.0283
25500000 -1237072.8485
25550000 -1235360.5821
25600000 -1236669.4686
25650000 -1236179.1845
25700000 -1236733.7163
25750000 -1238331.0539
25800000 -1236236.4986
25850000 -1236639.6231
25900000 -1236409.5378
25950000 -1237176.1519
26000000 -1236200.0285
26050000 -1236107.7117
26100000 -1237028.8285
26150000 -1236767.6525
26200000 -1236870.5331
26250000 -1236428.6027
26300000 -1236581.6584
26350000 -1236778.4240
26400000 -1235814.5686
26450000 -1237238.1448
26500000 -1236338.8561
26550000 -1236810.8802
26600000 -1236520.4733
26650000 -1237174.7017
26700000 -1237443.9387
26750000 -1236150.1644
26800000 -1237036.7692
26850000 -1235868.9744
26900000 -1238334.8815
26950000 -1236248.6650
27000000 -1237725.3220
27050000 -1236137.8619
27100000 -1237833.5245
27150000 -1236897.3814
27200000 -1236405.9533
27250000 -1237077.1548
27300000 -1237121.6600
27350000 -1236120.3879
27400000 -1235116.5525
27450000 -1238363.1569
27500000 -1236332.6990
27550000 -1236650.2904
27600000 -1235983.0472
27650000 -1237027.1843
27700000 -1236807.3009
27750000 -1236187.1921
27800000 -1236532.1669
27850000 -1235542.2681
27900000 -1236812.9351
27950000 -1237375.6684
28000000 -1238446.4265
28050000 -1235779.9203
28100000 -1238389.9020
28150000 -1237717.5283
28200000 -1235295.8585
28250000 -1236252.4644
28300000 -1237654.9681
28350000 -1236491.1887
28400000 -1236887.0032
28450000 -1236181.4042
28500000 -1236988.8972
28550000 -1236173.0588
28600000 -1237586.6324
28650000 -1236686.2362
28700000 -1237406.9345
28750000 -1235816.0627
28800000 -1236832.6211
28850000 -1236200.9415
28900000 -1236003.7783
28950000 -1238677.5254
29000000 -1236300.1902
29050000 -1235939.6622
29100000 -1238245.8228
29150000 -1235817.8759
29200000 -1235723.9392
29250000 -1236851.0026
29300000 -1236057.6655
29350000 -1237774.7432
29400000 -1235753.8596
29450000 -1235375.0618
29500000 -1236286.1327
29550000 -1237817.9813
29600000 -1236805.8242
29650000 -1238013.3960
29700000 -1237065.0506
29750000 -1236758.9997
29800000 -1236144.5563
29850000 -1237351.4208
29900000 -1237693.2907
29950000 -1236148.1319
30000000 -1236187.9167
30050000 -1236466.3465
30100000 -1236683.4000
30150000 -1236426.1655
30200000 -1237587.7007
30250000 -1237369.5659
30300000 -1237827.5017
30350000 -1235604.2479
30400000 -1237281.5241
30450000 -1235677.0527
30500000 -1236894.5981
30550000 -1237102.4792
30600000 -1236818.4451
30650000 -1237518.8251
30700000 -1237623.2494
30750000 -1236637.8242
30800000 -1237246.2938
30850000 -1235720.1757
30900000 -1237521.2903
30950000 -1236453.2489
31000000 -1235840.1028
31050000 -1236590.0801
31100000 -1237478.9063
31150000 -1235590.8895
31200000 -1235974.9865
31250000 -1236916.3319
31300000 -1237642.2720
31350000 -1237006.6109
31400000 -1235117.7982
31450000 -1238754.0102
31500000 -1235690.0422
31550000 -1237201.5314
31600000 -1237237.3375
31650000 -1236778.7654
31700000 -1236860.3744
31750000 -1236187.5536
31800000 -1236332.3965
31850000 -1236332.9836
31900000 -1237343.3055
31950000 -1235798.6758
32000000 -1235691.9535
32050000 -1235781.0213
32100000 -1236391.9695
32150000 -1236420.2156
32200000 -1236906.0680
32250000 -1237491.4964
32300000 -1236528.1416
32350000 -1237141.1018
32400000 -1237672.6897
32450000 -1236925.7476
32500000 -1236677.0509
32550000 -1237070.1140
32600000 -1235008.5585
32650000 -1237367.1379
32700000 -1237283.5653
32750000 -1235948.4790
32800000 -1236752.7656
32850000 -1235353.8496
32900000 -1236841.3759
32950000 -1234489.5915
33000000 -1236121.7974
33050000 -1237302.4282
33100000 -1235228.4087
33150000 -1238010.7123
33200000 -1237026.6398
33250000 -1236388.7366
33300000 -1236629.5053
33350000 -1236603.9611
33400000 -1235457.3515
33450000 -1236074.8066
33500000 -1237502.9890
33550000 -1237883.4088
33600000 -1236988.0720
33650000 -1236930.5771
33700000 -1236024.8611
33750000 -1235799.1216
33800000 -1236793.7619
33850000 -1237745.3572
33900000 -1236179.9844
33950000 -1237418.7272
34000000 -1236731.1177
34050000 -1237650.1473
34100000 -1236204.0177
34150000 -1236757.5149
34200000 -1235883.8375
34250000 -1235898.6639
34300000 -1238151.4433
34350000 -1237753.4597
34400000 -1237473.8911
34450000 -1236409.9099
34500000 -1236898.1528
34550000 -1236075.0995
34600000 -1238232.9369
34650000 -1236614.0359
34700000 -1236240.6805
34750000 -1236929.9911
34800000 -1237374.0606
34850000 -1236754.2567
34900000 -1237507.5888
34950000 -1237432.4540
35000000 -1237125.5939
35050000 -1236212.6825
35100000 -1235893.0131
35150000 -1237127.9730
35200000 -1238039.6054
35250000 -1236923.0612
35300000 -1236279.1396
35350000 -1236752.2433
35400000 -1236347.4507
35450000 -1237929.5298
35500000 -1236769.1131
35550000 -1238111.7192
35600000 -1238344.7814
35650000 -1236536.0987
35700000 -1237874.4982
35750000 -1236243.8556
35800000 -1235520.9512
35850000 -1236399.9916
35900000 -1236827.3098
35950000 -1236543.0007
36000000 -1236124.2264
36050000 -1236073.1515
36100000 -1237468.8930
36150000 -1237682.8462
36200000 -1236326.9707
36250000 -1237805.3923
36300000 -1236209.1050
36350000 -1237112.6765
36400000 -1237672.4615
36450000 -1236571.3646
36500000 -1236746.1844
36550000 -1237224.3303
36600000 -1238853.6249
36650000 -1237228.0536
36700000 -1237382.0053
36750000 -1238340.8510
36800000 -1235830.6219
36850000 -1236791.9019
36900000 -1238813.5260
36950000 -1236244.5478
37000000 -1237676.4305
37050000 -1237181.5861
37100000 -1236579.2884
37150000 -1236070.4577
37200000 -1236226.3264
37250000 -1236921.6770
37300000 -1237645.8285
37350000 -1237314.8398
37400000 -1236928.2469
37450000 -1236050.3435
37500000 -1236308.6889
37550000 -1237992.1854
37600000 -1237768.6764
37650000 -1237642.0382
37700000 -1235552.6937
37750000 -1236607.8133
37800000 -1235120.9375
37850000 -1236817.7405
37900000 -1235972.5579
37950000 -1236939.7578
38000000 -1237209.8817
38050000 -1236936.5020
38100000 -1236778.1064
38150000 -1237521.7273
38200000 -1236661.9236
38250000 -1236184.7161
38300000 -1237204.0783
38350000 -1236906.7073
38400000 -1237607.0879
38450000 -1236994.1985
38500000 -1238019.0758
38550000 -1236047.1717
38600000 -1237279.1927
38650000 -1236984.7690
38700000 -1237352.3163
38750000 -1237122.7821
38800000 -1236731.2002
38850000 -1236578.6678
38900000 -1236664.6882
38950000 -1236952.4026
39000000 -1237742.5058
39050000 -1237007.5533
39100000 -1237038.2959
39150000 -1235220.3954
39200000 -1235977.3812
39250000 -1236981.9024
39300000 -1236717.7171
39350000 -1235325.6985
39400000 -1237507.6901
39450000 -1235833.5308
39500000 -1236992.4747
39550000 -1236465.3590
39600000 -1235609.4445
39650000 -1236501.8214
39700000 -1235649.2498
39750000 -1238805.1055
39800000 -1237351.4844
39850000 -1237419.0075
39900000 -1236954.1594
39950000 -1235936.8642
40000000 -1237598.4694
40050000 -1236505.3771
40100000 -1237346.7538
40150000 -1237472.6233
40200000 -1237779.6133
40250000 -1237180.2596
40300000 -1235271.7436
40350000 -1236024.5544
40400000 -1238325.1997
40450000 -1236980.2155
40500000 -1237531.2705
40550000 -1236788.1251
40600000 -1236880.3929
40650000 -1234749.7270
40700000 -1236977.9287
40750000 -1236259.1431
40800000 -1236206.1631
40850000 -1237491.2156
40900000 -1236880.6825
40950000 -1236859.4580
41000000 -1235850.5043
41050000 -1235305.8413
41100000 -1236209.9141
41150000 -1237557.1827
41200000 -1236475.9215
41250000 -1236021.5195
41300000 -1237306.0281
41350000 -1236346.6627
41400000 -1237633.2765
41450000 -1236295.8004
41500000 -1237225.1487
41550000 -1236575.2742
41600000 -1236354.6122
41650000 -1237735.4545
41700000 -1236901.8305
41750000 -1237251.7019
41800000 -1237389.4316
41850000 -1236616.5078
41900000 -1236193.6321
41950000 -1236908.9155
42000000 -1236552.3038
42050000 -1235698.4309
42100000 -1236589.4598
42150000 -1237074.0699
42200000 -1237141.2960
42250000 -1237012.5777
42300000 -1236429.6652
42350000 -1237750.7759
42400000 -1236187.1051
42450000 -1237707.5206
42500000 -1236416.1629
42550000 -1236048.9116
42600000 -1237979.5946
42650000 -1236938.1950
42700000 -1237751.9031
42750000 -1237197.6013
42800000 -1237018.5981
42850000 -1235985.4154
42900000 -1237172.9912
42950000 -1235086.0943
43000000 -1235978.5770
43050000 -1236879.4344
43100000 -1236931.5864
43150000 -1237216.8438
43200000 -1236953.3454
43250000 -1237015.3835
43300000 -1236308.8601
43350000 -1236591.0046
43400000 -1235995.6262
43450000 -1236925.3572
43500000 -1236569.2741
43550000 -1235924.9318
43600000 -1238906.2047
43650000 -1236878.6162
43700000 -1236068.2906
43750000 -1236925.3424
43800000 -1236496.6032
43850000 -1238123.2438
43900000 -1237186.2907
43950000 -1236203.6331
44000000 -1238141.5176
44050000 -1235756.1398
44100000 -1236731.3843
44150000 -1237387.7600
44200000 -1236045.2654
44250000 -1236384.1152
44300000 -1236620.5182
44350000 -1237561.3449
44400000 -1237068.8093
44450000 -1236182.5922
44500000 -1235885.2299
44550000 -1236002.5245
44600000 -1236248.1143
44650000 -1237378.1849
44700000 -1237368.6237
44750000 -1238550.9891
44800000 -1237084.7164
44850000 -1237142.7321
44900000 -1237419.4482
44950000 -1237887.9202
45000000 -1236346.5747
45050000 -1236833.5140
45100000 -1236637.6118
45150000 -1237838.9045
45200000 -1238177.4689
45250000 -1237965.4548
45300000 -1236723.7014
45350000 -1237483.6013
45400000 -1236852.8715
45450000 -1236022.0668
45500000 -1235715.0370
45550000 -1237497.8717
45600000 -1235603.2098
45650000 -1236627.2019
45700000 -1236112.4859
45750000 -1237530.3923
45800000 -1236994.9293
45850000 -1236015.5314
45900000 -1236761.9859
45950000 -1237060.6318
46000000 -1237004.3970
46050000 -1236427.9474
46100000 -1235775.7554
46150000 -1236587.8216
46200000 -1237195.7821
46250000 -1236934.7094
46300000 -1237415.7113
46350000 -1237318.4759
46400000 -1237063.1839
46450000 -1238564.1625
46500000 -1236491.1752
46550000 -1237714.2694
46600000 -1236223.1913
46650000 -1237571.9297
46700000 -1236036.1158
46750000 -1237991.3149
46800000 -1236866.2302
46850000 -1236855.3132
46900000 -1236019.2517
46950000 -1235876.0106
47000000 -1236510.7176
47050000 -1236623.5115
47100000 -1239452.2009
47150000 -1237179.7976
47200000 -1237301.5339
47250000 -1236212.4163
47300000 -1236950.0381
47350000 -1237875.3368
47400000 -1236544.7920
47450000 -1237576.2630
47500000 -1237532.2429
47550000 -1236867.7846
47600000 -1237966.9302
47650000 -1236287.8916
47700000 -1236601.3472
47750000 -1236161.3471
47800000 -1236456.8196
47850000 -1236572.6251
47900000 -1236607.2331
47950000 -1237633.8936
48000000 -1235902.9690
48050000 -1235725.9229
48100000 -1236686.0191
48150000 -1237538.6414
48200000 -1236481.3290
48250000 -1237759.3542
48300000 -1237036.1187
48350000 -1236223.1354
48400000 -1238479.3020
48450000 -1236664.6974
48500000 -1236900.9158
48550000 -1236183.4075
48600000 -1236608.0367
48650000 -1236732.5433
48700000 -1237976.5744
48750000 -1238149.3065
48800000 -1236154.9062
48850000 -1236845.0501
48900000 -1236139.5840
48950000 -1238473.8089
49000000 -1236978.2862
49050000 -1235984.0030
49100000 -1237453.7875
49150000 -1236554.3353
49200000 -1237466.1163
49250000 -1236063.5412
49300000 -1235952.6220
49350000 -1238757.9509
49400000 -1237282.8878
49450000 -1236564.5038
49500000 -1236351.2491
49550000 -1237212.3931
49600000 -1236715.9365
49650000 -1236751.1517
49700000 -1237648.6411
49750000 -1236334.8127
49800000 -1236741.2278
49850000 -1236885.3164
49900000 -1236005.9852
49950000 -1236716.9244
50000000 -1235165.1771