TS Eel(kcal/mol)
0 -1345814.1508
50000 -1347287.8769
100000 -1347861.7631
150000 -1346686.1236
200000 -1347107.5297
250000 -1346366.3397
300000 -1345981.2708
350000 -1347626.5166
400000 -1347289.7171
450000 -1348150.6414
500000 -1346833.6343
550000 -1347866.8237
600000 -1347677.5764
650000 -1346520.3871
700000 -1347089.3156
750000 -1346387.2171
800000 -1348200.8358
850000 -1346657.8949
900000 -1347608.6521
950000 -1347716.6422
1000000 -1347148.4582
1050000 -1347980.6432
1100000 -1347076.1581
1150000 -1346357.6962
1200000 -1346711.3169
1250000 -1346597.3310
1300000 -1347728.2381
1350000 -1346563.0716
1400000 -1346680.4571
1450000 -1346399.9510
1500000 -1347803.1507
1550000 -1346895.9946
1600000 -1345715.6814
1650000 -1347754.9818
1700000 -1348000.1439
1750000 -1348705.3124
1800000 -1345817.1082
1850000 -1347084.4340
1900000 -1349190.4851
1950000 -1347507.3975
2000000 -1346159.2167
2050000 -1347524.6913
2100000 -1346017.3751
2150000 -1347806.4148
2200000 -1347281.0623
2250000 -1347548.4920
2300000 -1347087.9132
2350000 -1347003.7738
2400000 -1348527.7347
2450000 -1349146.7031
2500000 -1347479.3227
2550000 -1347669.9560
2600000 -1348192.0416
2650000 -1347491.5430
2700000 -1347555.4532
2750000 -1347593.8884
2800000 -1346687.7064
2850000 -1346760.9690
2900000 -1347501.9684
2950000 -1347364.9078
3000000 -1347074.5159
3050000 -1346849.9994
3100000 -1346678.0374
3150000 -1346384.5401
3200000 -1347248.6137
3250000 -1347280.9928
3300000 -1346828.2548
3350000 -1344832.0680
3400000 -1347079.5403
3450000 -1347216.5186
3500000 -1346492.0699
3550000 -1347839.4289
3600000 -1346841.6832
3650000 -1346975.3422
3700000 -1348125.8741
3750000 -1346412.7979
3800000 -1348530.7594
3850000 -1346830.2948
3900000 -1346293.1749
3950000 -1348133.4039
4000000 -1347210.2429
4050000 -1347247.4343
4100000 -1347151.4124
4150000 -1346743.7311
4200000 -1347382.2567
4250000 -1347597.3721
4300000 -1347222.1067
4350000 -1346828.9284
4400000 -1347926.2075
4450000 -1345036.3241
4500000 -1347420.7819
4550000 -1347843.9597
4600000 -1347912.6666
4650000 -1346507.7746
4700000 -1347889.2106
4750000 -1345909.6313
4800000 -1346858.3756
4850000 -1347746.7741
4900000 -1347664.8288
4950000 -1347100.8731
5000000 -1348004.5157
5050000 -1348948.6540
5100000 -1346581.0880
5150000 -1347957.3747
5200000 -1347026.8660
5250000 -1347586.7956
5300000 -1349149.7553
5350000 -1348408.3939
5400000 -1347849.6929
5450000 -1347042.9809
5500000 -1348151.7206
5550000 -1346366.8918
5600000 -1347903.9687
5650000 -1347554.1642
5700000 -1346979.2462
5750000 -1348372.2767
5800000 -1346476.5449
5850000 -1347797.7314
5900000 -1346977.5479
5950000 -1346539.4094
6000000 -1346985.6757
6050000 -1346937.5051
6100000 -1347193.2331
6150000 -1346643.7123
6200000 -1347890.3713
6250000 -1348522.7294
6300000 -1346976.4658
6350000 -1348257.4081
6400000 -1347978.6626
6450000 -1346320.1360
6500000 -1348619.8764
6550000 -1349002.5625
6600000 -1348146.9660
6650000 -1347504.4434
6700000 -1346409.8233
6750000 -1348270.2980
6800000 -1347768.4265
6850000 -1346903.1893
6900000 -1347806.7117
6950000 -1348021.5305
7000000 -1347799.1810
7050000 -1346948.0442
7100000 -1345700.5647
7150000 -1347182.1437
7200000 -1347997.2192
7250000 -1347362.2370
7300000 -1346714.5882
7350000 -1348018.1200
7400000 -1348198.7309
7450000 -1347908.6717
7500000 -1347627.9573
7550000 -1347367.3461
7600000 -1347751.3327
7650000 -1347997.9373
7700000 -1346321.8962
7750000 -1348804.6682
7800000 -1346792.2044
7850000 -1345868.7254
7900000 -1345427.9879
7950000 -1347094.6147
8000000 -1347591.7591
8050000 -1348512.3180
8100000 -1345679.0575
8150000 -1348485.8187
8200000 -1346947.5986
8250000 -1347583.7829
8300000 -1346810.8601
8350000 -1346072.0284
8400000 -1348359.7199
8450000 -1348133.8867
8500000 -1346836.2537
8550000 -1348029.2448
8600000 -1346586.9965
8650000 -1348589.7016
8700000 -1346379.0596
8750000 -1348139.7254
8800000 -1346871.2488
8850000 -1348023.8332
8900000 -1347345.1215
8950000 -1346635.3289
9000000 -1347332.1879
9050000 -1347816.6886
9100000 -1347491.7891
9150000 -1347029.5471
9200000 -1347057.3900
9250000 -1346699.9000
9300000 -1347408.1816
9350000 -1347557.0751
9400000 -1346936.3375
9450000 -1348221.7095
9500000 -1347447.7606
9550000 -1346694.3090
9600000 -1347659.9315
9650000 -1349011.7010
9700000 -1348820.7385
9750000 -1347501.7577
9800000 -1347361.4307
9850000 -1346331.0431
9900000 -1346673.1719
9950000 -1346704.9791
10000000 -1346680.1443
10050000 -1348581.2987
10100000 -1347353.3646
10150000 -1346921.3899
10200000 -1347935.9135
10250000 -1347451.4787
10300000 -1346805.4937
10350000 -1345714.1854
10400000 -1347292.7833
10450000 -1347274.4896
10500000 -1347412.5535
10550000 -1349329.9640
10600000 -1347927.4667
10650000 -1346396.4853
10700000 -1347896.2293
10750000 -1347047.7866
10800000 -1347574.1420
10850000 -1346763.6253
10900000 -1348521.4439
10950000 -1347194.6564
11000000 -1347790.0369
11050000 -1347087.5516
11100000 -1347306.0718
11150000 -1346716.3801
11200000 -1347379.1077
11250000 -1347071.1060
11300000 -1347688.8804
11350000 -1347091.5702
11400000 -1346325.8761
11450000 -1346426.8092
11500000 -1347395.7096
11550000 -1346354.9347
11600000 -1347740.6857
11650000 -1347364.9163
11700000 -1348200.9308
11750000 -1347159.7126
11800000 -1347229.5849
11850000 -1346648.0835
11900000 -1348114.7843
11950000 -1346600.6030
12000000 -1347974.7714
12050000 -1346619.0345
12100000 -1347751.3682
12150000 -1346454.5547
12200000 -1346712.3823
12250000 -1348738.7745
12300000 -1347700.8958
12350000 -1347766.3565
12400000 -1347144.6452
12450000 -1347395.0891
12500000 -1346768.0148
12550000 -1347587.1236
12600000 -1346963.9962
12650000 -1346863.8474
12700000 -1348915.4957
12750000 -1346478.9172
12800000 -1348530.4894
12850000 -1346506.7050
12900000 -1347459.9008
12950000 -1347204.4795
13000000 -1347633.9492
13050000 -1347387.2632
13100000 -1347588.7296
13150000 -1347301.5938
13200000 -1346793.9034
13250000 -1348001.1171
13300000 -1348724.6470
13350000 -1348056.9879
13400000 -1346721.3696
13450000 -1347193.7743
13500000 -1347148.1703
13550000 -1346040.3056
13600000 -1347869.3270
13650000 -1346760.7203
13700000 -1348613.4779
13750000 -1348591.1085
13800000 -1347580.4230
13850000 -1348120.0843
13900000 -1347919.4752
13950000 -1347053.9082
14000000 -1346172.0726
14050000 -1346419.0041
14100000 -1348336.9496
14150000 -1347966.3336
14200000 -1347163.1350
14250000 -1348647.4283
14300000 -1347736.9676
14350000 -1348699.4329
14400000 -1347605.2634
14450000 -1347437.6279
14500000 -1347658.0320
14550000 -1346236.1057
14600000 -1346241.1555
14650000 -1348173.5395
14700000 -1347159.8201
14750000 -1348209.5121
14800000 -1346447.2038
14850000 -1347316.9655
14900000 -1346283.9066
14950000 -1347927.3886
15000000 -1347005.5831
15050000 -1346010.1477
15100000 -1346745.7892
15150000 -1347442.9067
15200000 -1348558.0230
15250000 -1347476.8285
15300000 -1346393.2647
15350000 -1350078.9380
15400000 -1346733.1094
15450000 -1345991.2790
15500000 -1346334.5100
15550000 -1349416.7778
15600000 -1348030.2431
15650000 -1346733.8569
15700000 -1347025.5302
15750000 -1346086.5961
15800000 -1347053.9333
15850000 -1347451.4568
15900000 -1346586.2977
15950000 -1347367.3061
16000000 -1347375.0989
16050000 -1348322.6510
16100000 -1347835.1678
16150000 -1346910.2680
16200000 -1346763.0832
16250000 -1346957.3555
16300000 -1345828.4712
16350000 -1347189.4705
16400000 -1347373.3763
16450000 -1346790.1099
16500000 -1346550.5615
16550000 -1347319.8685
16600000 -1346411.0912
16650000 -1348117.9386
16700000 -1348130.6199
16750000 -1347872.5433
16800000 -1347242.7189
16850000 -1347545.6553
16900000 -1346094.1257
16950000 -1347975.7088
17000000 -1348229.5470
17050000 -1346816.6517
17100000 -1347806.0920
17150000 -1347193.7094
17200000 -1347320.3226
17250000 -1348079.1875
17300000 -1348332.0283
17350000 -1348061.9262
17400000 -1347209.0318
17450000 -1346917.9413
17500000 -1347602.2803
17550000 -1348287.7783
17600000 -1347325.0767
17650000 -1347568.9627
17700000 -1347166.8899
17750000 -1347101.0451
17800000 -1346545.0870
17850000 -1347388.7021
17900000 -1346838.5920
17950000 -1348189.7231
18000000 -1348933.3648
18050000 -1347422.8076
18100000 -1347826.6551
18150000 -1347661.0677
18200000 -1346563.8877
18250000 -1347282.4192
18300000 -1346124.0646
18350000 -1347809.1764
18400000 -1348406.2181
18450000 -1347434.2281
18500000 -1347664.6382
18550000 -1347903.6465
18600000 -1346999.5685
18650000 -1347829.5377
18700000 -1346085.0104
18750000 -1347856.7441
18800000 -1346067.0591
18850000 -1347558.2558
18900000 -1347713.4184
18950000 -1347599.9506
19000000 -1347268.5459
19050000 -1346965.0205
19100000 -1348161.2034
19150000 -1348820.3650
19200000 -1347495.0418
19250000 -1347868.0436
19300000 -1346647.2198
19350000 -1345439.1984
19400000 -1347723.2360
19450000 -1348045.7080
19500000 -1347353.1524
19550000 -1347988.5981
19600000 -1346272.3711
19650000 -1347668.8628
19700000 -1348600.3248
19750000 -1347394.8574
19800000 -1346312.5282
19850000 -1348176.1575
19900000 -1345983.4448
19950000 -1347161.1083
20000000 -1347740.7318
20050000 -1349484.4329
20100000 -1347853.4852
20150000 -1346139.2970
20200000 -1347494.1669
20250000 -1348483.3027
20300000 -1346724.7669
20350000 -1347623.3767
20400000 -1346445.4711
20450000 -1348107.9700
20500000 -1347571.2018
20550000 -1347035.3469
20600000 -1346588.9344
20650000 -1347994.7574
20700000 -1347149.1332
20750000 -1347905.5426
20800000 -1347560.4586
20850000 -1345944.9292
20900000 -1347577.2322
20950000 -1347433.1081
21000000 -1347548.9901
21050000 -1348089.9922
21100000 -1346756.1236
21150000 -1345913.2342
21200000 -1349108.1598
21250000 -1347722.7032
21300000 -1347715.0167
21350000 -1348231.8502
21400000 -1347189.3096
21450000 -1347156.8583
21500000 -1348801.2161
21550000 -1347852.8502
21600000 -1347866.2902
21650000 -1347828.0013
21700000 -1346247.2945
21750000 -1348582.4013
21800000 -1348191.1572
21850000 -1347727.3675
21900000 -1347093.8116
21950000 -1347543.8184
22000000 -1348268.7290
22050000 -1348363.1844
22100000 -1348066.5341
22150000 -1346805.2317
22200000 -1348297.5063
22250000 -1347762.2270
22300000 -1347610.6428
22350000 -1348270.8917
22400000 -1346780.9359
22450000 -1346916.4412
22500000 -1347751.8563
22550000 -1347501.4654
22600000 -1347786.5219
22650000 -1347374.9059
22700000 -1347513.1801
22750000 -1347814.4099
22800000 -1347488.2983
22850000 -1347109.9159
22900000 -1347490.0280
22950000 -1346715.3208
23000000 -1347935.1470
23050000 -1345799.2567
23100000 -1347421.5583
23150000 -1347695.6210
23200000 -1347822.7520
23250000 -1347253.5309
23300000 -1347330.5179
23350000 -1346920.1260
23400000 -1348710.3017
23450000 -1347495.0956
23500000 -1347661.5290
23550000 -1348658.0854
23600000 -1347475.5558
23650000 -1348020.2654
23700000 -1346375.9858
23750000 -1349809.0358
23800000 -1347396.4395
23850000 -1347052.0729
23900000 -1347335.4332
23950000 -1347087.7665
24000000 -1346632.1775
24050000 -1346728.7274
24100000 -1346923.0018
24150000 -1347362.1934
24200000 -1347760.0172
24250000 -1348263.3976
24300000 -1347603.8315
24350000 -1348184.3502
24400000 -1346673.4506
24450000 -1347373.8506
24500000 -1347719.2814
24550000 -1347892.3651
24600000 -1346544.9872
24650000 -1347465.4603
24700000 -1348656.3257
24750000 -1347233.6090
24800000 -1349303.1242
24850000 -1348066.2640
24900000 -1347582.8929
24950000 -1348175.0025
25000000 -1345940.7337
25050000 -1347322.3879
25100000 -1346786.8996
25150000 -1347833.9010
25200000 -1347175.1531
25250000 -1347187.3882
25300000 -1346749.0031
25350000 -1347669.3007
25400000 -1346189.9498
25450000 -1349075.9222
25500000 -1348447.5881
25550000 -1348426.0047
25600000 -1345859.2754
25650000 -1345853.8065
25700000 -1347233.2390
25750000 -1347655.3183
25800000 -1347735.7951
25850000 -1348650.4452
25900000 -1347078.2674
25950000 -1348198.0785
26000000 -1347400.2019
26050000 -1348503.0993
26100000 -1349151.0309
26150000 -1348078.8390
26200000 -1348386.7286
26250000 -1348614.7843
26300000 -1346800.7899
26350000 -1348261.1589
26400000 -1347066.4867
26450000 -1349040.8863
26500000 -1347154.2715
26550000 -1347780.3260
26600000 -1347583.5362
26650000 -1346721.0176
26700000 -1347935.7542
26750000 -1347489.2805
26800000 -1347238.6482
26850000 -1346846.1803
26900000 -1347133.1863
26950000 -1348107.0781
27000000 -1345994.8844
27050000 -1347600.6649
27100000 -1348158.2755
27150000 -1347094.6152
27200000 -1348386.1684
27250000 -1348490.5407
27300000 -1346900.2602
27350000 -1346390.2106
27400000 -1346805.7942
27450000 -1347867.0599
27500000 -1345977.2958
27550000 -1347650.4225
27600000 -1347279.5628
27650000 -1347304.6833
27700000 -1346950.2440
27750000 -1346956.2490
27800000 -1346698.7253
27850000 -1346511.8857
27900000 -1346961.6773
27950000 -1348125.6798
28000000 -1347727.0257
28050000 -1347707.1603
28100000 -1347643.5752
28150000 -1347627.5378
28200000 -1347573.4120
28250000 -1348335.0301
28300000 -1347878.9644
28350000 -1347816.5726
28400000 -1347562.3944
28450000 -1347627.5280
28500000 -1346935.5270
28550000 -1347848.4044
28600000 -1347606.0290
28650000 -1348762.0635
28700000 -1347699.7600
28750000 -1346954.2587
28800000 -1346608.8691
28850000 -1346792.7691
28900000 -1348214.2152
28950000 -1347175.4485
29000000 -1348937.9015
29050000 -1347727.3193
29100000 -1347993.1860
29150000 -1348150.8144
29200000 -1347775.9148
29250000 -1347180.6147
29300000 -1348322.0486
29350000 -1347106.3718
29400000 -1347603.4714
29450000 -1348603.1487
29500000 -1348008.4915
29550000 -1346241.7077
29600000 -1348453.6742
29650000 -1347228.6289
29700000 -1345808.8457
29750000 -1346905.7601
29800000 -1347719.3950
29850000 -1346073.9347
29900000 -1349855.6166
29950000 -1347017.9027
30000000 -1348867.0113
30050000 -1348063.0418
30100000 -1347992.5351
30150000 -1346655.1820
30200000 -1347438.6793
30250000 -1346427.0805
30300000 -1347421.4451
30350000 -1345635.4598
30400000 -1347080.8377
30450000 -1347969.1736
30500000 -1347956.6351
30550000 -1349051.1342
30600000 -1348165.3024
30650000 -1347948.4700
30700000 -1347982.9200
30750000 -1348464.4204
30800000 -1346813.4959
30850000 -1346754.2223
30900000 -1348265.7243
30950000 -1347715.1116
31000000 -1347562.1261
31050000 -1347347.7390
31100000 -1348803.0075
31150000 -1347192.3430
31200000 -1347375.6130
31250000 -1347092.9703
31300000 -1345313.7475
31350000 -1347500.2672
31400000 -1347730.6675
31450000 -1347209.2652
31500000 -1346004.4189
31550000 -1346948.2571
31600000 -1347342.3474
31650000 -1347811.7501
31700000 -1347378.3082
31750000 -1346191.3428
31800000 -1347861.5803
31850000 -1347675.3739
31900000 -1346628.8198
31950000 -1348391.4835
32000000 -1346295.1460
32050000 -1347154.6243
32100000 -1347431.9165
32150000 -1346408.2425
32200000 -1347877.8470
32250000 -1347550.2639
32300000 -1349541.1538
32350000 -1347717.2447
32400000 -1347664.7311
32450000 -1347305.4844
32500000 -1346551.2171
32550000 -1346983.2931
32600000 -1348603.4265
32650000 -1348226.7128
32700000 -1347119.3810
32750000 -1347449.4221
32800000 -1347184.2550
32850000 -1346357.1140
32900000 -1347585.9808
32950000 -1347861.0666
33000000 -1348290.4982
33050000 -1348084.8944
33100000 -1347896.0940
33150000 -1346615.0356
33200000 -1346842.6759
33250000 -1348220.9832
33300000 -1347690.9096
33350000 -1346892.6984
33400000 -1348505.3058
33450000 -1347641.7598
33500000 -1348352.9759
33550000 -1347980.3340
33600000 -1347345.3238
33650000 -1348616.4908
33700000 -1347526.9694
33750000 -1348472.8487
33800000 -1348239.4812
33850000 -1348150.8888
33900000 -1347071.9858
33950000 -1347758.3843
34000000 -1346041.0581
34050000 -1347630.0236
34100000 -1347785.0615
34150000 -1347292.6541
34200000 -1346847.0956
34250000 -1347187.3696
34300000 -1347615.8679
34350000 -1348176.3653
34400000 -1348638.4008
34450000 -1347832.7105
34500000 -1347266.1418
34550000 -1347774.3425
34600000 -1348708.2865
34650000 -1347354.8803
34700000 -1346565.4953
34750000 -1348893.9276
34800000 -1347852.7005
34850000 -1348968.6435
34900000 -1348448.2071
34950000 -1347144.2744
35000000 -1346918.9179
35050000 -1347700.2266
35100000 -1345878.9003
35150000 -1347935.5233
35200000 -1347328.0275
35250000 -1347783.2254
35300000 -1345787.2071
35350000 -1348405.4302
35400000 -1347332.2381
35450000 -1345981.5658
35500000 -1348670.9535
35550000 -1347051.7591
35600000 -1347422.3314
35650000 -1348482.0205
35700000 -1347128.4352
35750000 -1347487.7130
35800000 -1347036.6855
35850000 -1346969.5856
35900000 -1345755.3112
35950000 -1348040.5514
36000000 -1348058.3588
36050000 -1347826.3196
36100000 -1348042.1745
36150000 -1348263.1015
36200000 -1346538.3423
36250000 -1348383.0015
36300000 -1347085.3086
36350000 -1348785.5192
36400000 -1346642.9689
36450000 -1346400.0045
36500000 -1347194.8112
36550000 -1349198.6978
36600000 -1347057.6439
36650000 -1347758.3227
36700000 -1348601.3328
36750000 -1347939.8793
36800000 -1347775.1073
36850000 -1348231.4548
36900000 -1347410.9726
36950000 -1347062.7645
37000000 -1347613.9376
37050000 -1348275.0319
37100000 -1346675.8906
37150000 -1345455.1922
37200000 -1347414.0540
37250000 -1347263.0091
37300000 -1346793.0989
37350000 -1348786.7808
37400000 -1347402.3677
37450000 -1347942.1097
37500000 -1346706.7263
37550000 -1349294.9207
37600000 -1347495.5245
37650000 -1347368.9157
37700000 -1346579.6264
37750000 -1347414.0565
37800000 -1347879.7376
37850000 -1348184.4810
37900000 -1345348.3634
37950000 -1346510.2213
38000000 -1346592.9553
38050000 -1346205.7686
38100000 -1348128.8847
38150000 -1347895.0805
38200000 -1346642.7342
38250000 -1348060.5269
38300000 -1347835.4404
38350000 -1346250.8551
38400000 -1347585.6078
38450000 -1347487.4548
38500000 -1346095.2040
38550000 -1347665.3657
38600000 -1347429.1301
38650000 -1347184.2377
38700000 -1347698.5161
38750000 -1347336.2505
38800000 -1346992.3426
38850000 -1347164.7622
38900000 -1346449.2175
38950000 -1347094.4222
39000000 -1348788.5049
39050000 -1347766.5668
39100000 -1348172.0277
39150000 -1348038.6688
39200000 -1349347.0817
39250000 -1348096.8159
39300000 -1347536.0582
39350000 -1347968.9667
39400000 -1347888.6140
39450000 -1348458.4430
39500000 -1347162.3291
39550000 -1345975.1066
39600000 -1347557.9244
39650000 -1347564.1148
39700000 -1346942.1845
39750000 -1347163.6546
39800000 -1348686.6301
39850000 -1347834.9754
39900000 -1348568.6352
39950000 -1347605.9445
40000000 -1347996.1025
40050000 -1346914.3898
40100000 -1349102.2350
40150000 -1346381.9233
40200000 -1348246.7246
40250000 -1347528.0894
40300000 -1347269.2641
40350000 -1347230.5873
40400000 -1347532.0824
40450000 -1347263.7143
40500000 -1346556.1222
40550000 -1346998.5152
40600000 -1347919.6568
40650000 -1348906.8355
40700000 -1347965.9965
40750000 -1347901.7356
40800000 -1348579.6939
40850000 -1348850.5697
40900000 -1346317.6592
40950000 -1347590.7138
41000000 -1348295.3420
41050000 -1348009.2735
41100000 -1347733.0607
41150000 -1347960.1118
41200000 -1347080.4754
41250000 -1347647.6415
41300000 -1347893.7872
41350000 -1346650.9750
41400000 -1346323.1970
41450000 -1346153.3149
41500000 -1347305.6372
41550000 -1346748.5736
41600000 -1348550.6118
41650000 -1346367.2774
41700000 -1347184.4808
41750000 -1345710.3789
41800000 -1348118.9074
41850000 -1347375.3680
41900000 -1347315.1971
41950000 -1347854.0776
42000000 -1347216.0200
42050000 -1347174.3616
42100000 -1347912.5339
42150000 -1347098.1056
42200000 -1348456.3930
42250000 -1346973.7873
42300000 -1346625.9667
42350000 -1348358.5859
42400000 -1347763.0334
42450000 -1347503.7945
42500000 -1348189.9452
42550000 -1347186.7755
42600000 -1347809.6890
42650000 -1348408.4851
42700000 -1348158.9717
42750000 -1346649.3069
42800000 -1348303.2820
42850000 -1348794.7598
42900000 -1346391.6153
42950000 -1347054.7681
43000000 -1349051.4456
43050000 -1346999.5991
43100000 -1347255.8690
43150000 -1347471.9270
43200000 -1347682.7053
43250000 -1347728.9075
43300000 -1347850.6336
43350000 -1347023.7203
43400000 -1347302.9169
43450000 -1347635.3745
43500000 -1346302.2787
43550000 -1347880.9007
43600000 -1346432.4826
43650000 -1346965.2315
43700000 -1346643.1570
43750000 -1346672.5500
43800000 -1348602.6310
43850000 -1346948.7398
43900000 -1348510.0769
43950000 -1347757.2150
44000000 -1348406.9123
44050000 -1347928.1721
44100000 -1349098.4831
44150000 -1347482.6983
44200000 -1346425.2464
44250000 -1347392.8090
44300000 -1348216.0270
44350000 -1348038.8894
44400000 -1346526.4810
44450000 -1347247.5893
44500000 -1347762.0760
44550000 -1347223.3837
44600000 -1348355.9452
44650000 -1347891.3265
44700000 -1348027.1006
44750000 -1345601.6747
44800000 -1346993.1248
44850000 -1347162.0351
44900000 -1346878.2825
44950000 -1347043.5106
45000000 -1347539.0323
45050000 -1345926.9722
45100000 -1347309.8665
45150000 -1346792.8243
45200000 -1349032.9733
45250000 -1347807.5233
45300000 -1346933.7047
45350000 -1346742.1997
45400000 -1347761.0590
45450000 -1346032.1969
45500000 -1346582.8442
45550000 -1348488.1542
45600000 -1347040.4285
45650000 -1347292.4367
45700000 -1347111.6671
45750000 -1347744.2392
45800000 -1346755.7729
45850000 -1347436.3220
45900000 -1347283.3045
45950000 -1347434.1029
46000000 -1347477.0935
46050000 -1347508.9355
46100000 -1346960.1081
46150000 -1349849.9870
46200000 -1346910.3074
46250000 -1348356.8751
46300000 -1347166.8637
46350000 -1347362.4183
46400000 -1346627.5225
46450000 -1346510.9020
46500000 -1346819.8555
46550000 -1347360.5830
46600000 -1347404.4698
46650000 -1347935.9045
46700000 -1347903.3087
46750000 -1347461.9819
46800000 -1346136.5034
46850000 -1348293.8333
46900000 -1347508.6892
46950000 -1346968.6056
47000000 -1347287.9675
47050000 -1347353.3298
47100000 -1346740.3263
47150000 -1345153.0274
47200000 -1346100.7390
47250000 -1345843.5174
47300000 -1347711.9051
47350000 -1348537.1903
47400000 -1348963.1540
47450000 -1346988.6670
47500000 -1347192.0064
47550000 -1347798.3766
47600000 -1348095.7261
47650000 -1348775.9912
47700000 -1347574.6852
47750000 -1348177.0117
47800000 -1347599.7059
47850000 -1347310.2977
47900000 -1347817.4043
47950000 -1347151.1182
48000000 -1347361.7659
48050000 -1348597.7313
48100000 -1347560.2570
48150000 -1345584.6768
48200000 -1347651.4653
48250000 -1347237.3152
48300000 -1347444.0709
48350000 -1346555.2685
48400000 -1347248.5253
48450000 -1345569.9215
48500000 -1346644.6103
48550000 -1345957.4328
48600000 -1347880.0851
48650000 -1347462.9267
48700000 -1346672.9269
48750000 -1346973.7840
48800000 -1347177.8804
48850000 -1348073.5597
48900000 -1346080.0931
48950000 -1347560.1851
49000000 -1348278.6747
49050000 -1347441.7048
49100000 -1348159.5001
49150000 -1347507.9484
49200000 -1346786.4983
49250000 -1346617.3466
49300000 -1347555.7679
49350000 -1346726.1590
49400000 -1346902.2478
49450000 -1347741.9567
49500000 -1346671.4393
49550000 -1347131.0809
49600000 -1347027.6004
49650000 -1346041.3215
49700000 -1346455.0607
49750000 -1347604.5919
49800000 -1347928.8323
49850000 -1348019.0911
49900000 -1347639.0778
49950000 -1346995.4383
50000000 -1348556.1977