TS EVdW(kcal/mol)
0 81729.1810
50000 82294.2393
100000 81885.6622
150000 81734.4260
200000 82504.8214
250000 81637.1064
300000 82614.8539
350000 81750.1456
400000 82116.4512
450000 81662.0845
500000 81530.7492
550000 82463.0374
600000 82505.1372
650000 82435.5472
700000 81781.8718
750000 81758.3897
800000 81540.7992
850000 82590.2997
900000 81685.2254
950000 81547.0093
1000000 81525.4659
1050000 80822.8521
1100000 82460.2016
1150000 80988.2392
1200000 81844.4764
1250000 81219.2929
1300000 81427.5088
1350000 81952.9911
1400000 82563.9009
1450000 81024.6504
1500000 82320.6098
1550000 81598.3289
1600000 81250.4210
1650000 81983.5010
1700000 81723.2507
1750000 81733.3477
1800000 81850.4431
1850000 82038.6823
1900000 82483.1551
1950000 82434.9217
2000000 81098.2411
2050000 81792.2292
2100000 82819.4305
2150000 81635.8451
2200000 82192.4073
2250000 80511.0733
2300000 81678.5132
2350000 82007.0327
2400000 82224.7777
2450000 81882.3444
2500000 82619.8125
2550000 81698.7356
2600000 82858.3076
2650000 80880.2766
2700000 82482.3178
2750000 81759.6069
2800000 81957.2701
2850000 82446.6244
2900000 82484.9565
2950000 81174.9322
3000000 82274.3797
3050000 81825.5391
3100000 81803.5355
3150000 82402.9160
3200000 81785.2318
3250000 81812.6464
3300000 81891.6709
3350000 81744.8118
3400000 82681.7225
3450000 81968.0500
3500000 82242.8555
3550000 82368.9869
3600000 81933.3915
3650000 81876.6699
3700000 80817.7050
3750000 83084.9213
3800000 82264.9166
3850000 81772.2803
3900000 81517.7987
3950000 82518.8330
4000000 82768.5930
4050000 81489.7538
4100000 82284.7331
4150000 82347.2442
4200000 81804.8330
4250000 81546.3221
4300000 81398.0532
4350000 82020.4774
4400000 81616.2977
4450000 81973.8618
4500000 82613.5444
4550000 81781.6294
4600000 83200.1688
4650000 82979.9092
4700000 80843.8784
4750000 82089.1962
4800000 82064.4114
4850000 81807.7577
4900000 81907.7084
4950000 81674.8161
5000000 81160.4203
5050000 81492.2083
5100000 82414.4916
5150000 82886.3804
5200000 82033.9956
5250000 82024.0647
5300000 81502.9164
5350000 81029.8455
5400000 81636.8089
5450000 81576.3680
5500000 82732.3598
5550000 81152.3514
5600000 82651.8358
5650000 81789.7874
5700000 82335.4406
5750000 81674.3057
5800000 82542.0776
5850000 81561.3739
5900000 81571.6197
5950000 81802.4445
6000000 81834.2438
6050000 82697.6850
6100000 82322.3961
6150000 81978.2657
6200000 82815.6257
6250000 82556.1921
6300000 82022.7849
6350000 82067.0903
6400000 82383.3786
6450000 82146.3370
6500000 82047.5831
6550000 81290.1648
6600000 82128.8687
6650000 81049.0459
6700000 81397.1966
6750000 82224.7048
6800000 82545.3566
6850000 81528.6439
6900000 81709.8927
6950000 82332.9455
7000000 81803.3901
7050000 81242.1489
7100000 82104.8158
7150000 82455.5800
7200000 82182.9631
7250000 82149.1490
7300000 81771.0601
7350000 81083.1109
7400000 81275.7447
7450000 82217.7392
7500000 82234.4596
7550000 81800.6560
7600000 82188.2932
7650000 82567.1197
7700000 82190.8815
7750000 81872.3183
7800000 82464.3331
7850000 81222.5560
7900000 81515.0529
7950000 82206.3388
8000000 82599.2179
8050000 82252.6786
8100000 81504.0188
8150000 81807.6594
8200000 80793.4146
8250000 81643.7334
8300000 82650.1069
8350000 82583.2665
8400000 81825.4996
8450000 82340.0857
8500000 82597.8906
8550000 81489.5116
8600000 81900.1851
8650000 81675.6182
8700000 81712.4260
8750000 81982.0645
8800000 82974.0785
8850000 81228.1001
8900000 81969.6269
8950000 82652.6701
9000000 82401.1251
9050000 82500.8046
9100000 82407.8124
9150000 82260.0858
9200000 82440.8003
9250000 79869.1576
9300000 81480.6197
9350000 82001.0634
9400000 81315.2272
9450000 82115.0758
9500000 81935.3444
9550000 82563.5246
9600000 82700.4288
9650000 81599.4110
9700000 81854.3487
9750000 81580.9023
9800000 82257.9250
9850000 82090.4944
9900000 81639.3285
9950000 81431.7315
10000000 82339.6624
10050000 80721.2311
10100000 82046.7704
10150000 81874.7577
10200000 82063.2760
10250000 81359.4617
10300000 81028.9462
10350000 81760.1455
10400000 81247.1398
10450000 80703.8127
10500000 82169.6907
10550000 82852.9980
10600000 81982.0155
10650000 81689.9970
10700000 82205.1117
10750000 82339.6799
10800000 82432.9865
10850000 82733.8245
10900000 82078.5247
10950000 81956.3745
11000000 82524.6459
11050000 82239.2414
11100000 80819.9306
11150000 80857.6161
11200000 81542.5015
11250000 81175.9062
11300000 81694.7831
11350000 82189.2418
11400000 81929.9555
11450000 82249.0156
11500000 81455.6076
11550000 81524.0090
11600000 81941.9363
11650000 81133.8606
11700000 81990.5016
11750000 82261.6847
11800000 81826.1941
11850000 81949.3006
11900000 82165.8940
11950000 81250.0667
12000000 81884.4057
12050000 82211.0606
12100000 81782.3386
12150000 81669.0732
12200000 81129.7528
12250000 82097.6229
12300000 81327.2694
12350000 80094.9699
12400000 82301.6201
12450000 81410.9127
12500000 81474.8989
12550000 82231.5031
12600000 80847.4859
12650000 81901.7653
12700000 80969.4668
12750000 81456.6673
12800000 82659.6260
12850000 82219.8818
12900000 81238.2526
12950000 81318.5622
13000000 82058.3761
13050000 81793.7318
13100000 82502.8836
13150000 81525.3294
13200000 80712.1054
13250000 82960.4875
13300000 82325.2826
13350000 81681.7650
13400000 81669.4286
13450000 82811.1448
13500000 82246.4827
13550000 82054.5728
13600000 81354.5756
13650000 82263.2304
13700000 82497.5397
13750000 81255.1080
13800000 80815.6627
13850000 81944.5175
13900000 81893.6568
13950000 80978.8854
14000000 81070.2682
14050000 81751.2911
14100000 82177.5327
14150000 82939.0896
14200000 82755.8905
14250000 82214.8396
14300000 82023.7026
14350000 81683.7429
14400000 81592.9862
14450000 82155.7913
14500000 82153.1469
14550000 82023.7135
14600000 80858.8402
14650000 81661.6924
14700000 82975.3880
14750000 82197.3437
14800000 82121.7447
14850000 82183.0387
14900000 82432.4930
14950000 82137.4579
15000000 81938.9317
15050000 82734.0986
15100000 82057.5898
15150000 82001.4739
15200000 81532.3317
15250000 81829.8286
15300000 81138.7416
15350000 82136.1664
15400000 82493.4919
15450000 81894.8883
15500000 82412.4181
15550000 81858.5324
15600000 81811.2830
15650000 81362.7422
15700000 82201.5683
15750000 82403.8450
15800000 82314.9731
15850000 82645.9811
15900000 81873.2087
15950000 81392.1902
16000000 81973.2495
16050000 81195.2693
16100000 82778.5817
16150000 81694.6976
16200000 82277.9578
16250000 82147.1545
16300000 82237.2079
16350000 81394.6660
16400000 82620.7102
16450000 81507.8429
16500000 81311.2147
16550000 82009.8743
16600000 81486.5848
16650000 81517.3180
16700000 81371.3914
16750000 82249.8020
16800000 82124.3528
16850000 81753.7868
16900000 81926.1549
16950000 81825.5331
17000000 81399.2227
17050000 81562.9926
17100000 82144.2098
17150000 82209.1045
17200000 80997.6054
17250000 82366.6992
17300000 81720.9042
17350000 81946.7078
17400000 82021.3344
17450000 81717.3031
17500000 82170.2905
17550000 82065.7320
17600000 81135.1395
17650000 82155.3141
17700000 81416.8883
17750000 82449.0664
17800000 82212.0594
17850000 81476.9354
17900000 81113.5124
17950000 81643.6528
18000000 83232.5520
18050000 82314.3005
18100000 81442.7585
18150000 82411.7787
18200000 81375.5864
18250000 82170.9582
18300000 82072.5256
18350000 81830.9227
18400000 81561.4567
18450000 82145.3942
18500000 82337.5099
18550000 81955.3580
18600000 82505.9834
18650000 81426.3544
18700000 82514.6155
18750000 81783.1777
18800000 81877.0631
18850000 80959.1799
18900000 81903.1200
18950000 81742.3064
19000000 82028.9814
19050000 82070.7693
19100000 81862.1291
19150000 81263.4769
19200000 82143.9866
19250000 82349.3818
19300000 81165.6612
19350000 82399.6433
19400000 81208.7156
19450000 81902.9657
19500000 81043.2923
19550000 82672.2275
19600000 82285.1898
19650000 81564.1536
19700000 81535.7366
19750000 81607.1548
19800000 81917.5226
19850000 81827.8203
19900000 81073.1154
19950000 82345.9306
20000000 81392.8119
20050000 81668.3080
20100000 82327.3208
20150000 81817.6757
20200000 81892.5369
20250000 81197.7855
20300000 82727.8707
20350000 80451.1079
20400000 81764.9092
20450000 82624.8482
20500000 82340.5594
20550000 81846.5211
20600000 80882.1502
20650000 81899.8217
20700000 81603.4033
20750000 82455.4476
20800000 82233.1303
20850000 81648.8135
20900000 81890.3503
20950000 82268.9153
21000000 81085.1812
21050000 81969.2682
21100000 82671.7732
21150000 82282.8776
21200000 82138.5671
21250000 81329.4956
21300000 82390.2693
21350000 82231.5120
21400000 81295.8192
21450000 82023.5794
21500000 81252.4459
21550000 81150.7684
21600000 80861.3254
21650000 81621.7961
21700000 82250.5298
21750000 81506.8153
21800000 81964.1107
21850000 81341.4961
21900000 82371.5875
21950000 81832.3841
22000000 82462.7030
22050000 81518.8194
22100000 81681.7039
22150000 81953.0336
22200000 81041.9036
22250000 82075.1004
22300000 81671.8573
22350000 81685.4060
22400000 82334.5159
22450000 81812.1349
22500000 81299.1796
22550000 81780.5030
22600000 81319.5111
22650000 82101.7594
22700000 81620.3335
22750000 82094.4256
22800000 83331.0298
22850000 81991.3369
22900000 82716.8899
22950000 81490.6446
23000000 82417.1731
23050000 81951.4687
23100000 81201.6799
23150000 80930.2435
23200000 82267.5290
23250000 81901.4387
23300000 82642.5138
23350000 81953.0526
23400000 80825.7459
23450000 82224.9231
23500000 82202.4986
23550000 81199.3114
23600000 82160.9070
23650000 82518.8829
23700000 81785.4439
23750000 81484.7597
23800000 82959.6068
23850000 82362.2749
23900000 80835.7073
23950000 82191.0922
24000000 81967.6276
24050000 82565.0018
24100000 82564.3827
24150000 81999.6998
24200000 81666.8180
24250000 82240.4851
24300000 82388.8810
24350000 81679.9600
24400000 82362.4328
24450000 81997.3579
24500000 82491.2337
24550000 81946.2359
24600000 81839.4593
24650000 81973.2707
24700000 81621.1189
24750000 80970.1067
24800000 81827.0926
24850000 82177.2585
24900000 81619.6440
24950000 81411.9725
25000000 81556.8512
25050000 81462.9268
25100000 83220.2802
25150000 82283.5257
25200000 81036.9986
25250000 81060.7697
25300000 81681.5152
25350000 81405.0562
25400000 81754.3214
25450000 81516.0317
25500000 82640.3688
25550000 82459.9599
25600000 81945.3339
25650000 82142.4422
25700000 81436.1694
25750000 82317.3893
25800000 82006.9039
25850000 82091.7545
25900000 82007.2376
25950000 82608.9256
26000000 82012.5675
26050000 80992.2819
26100000 81094.3231
26150000 82340.5168
26200000 81724.0112
26250000 82708.0007
26300000 80803.1038
26350000 81391.9922
26400000 82390.7646
26450000 81200.6798
26500000 81341.2831
26550000 82283.0656
26600000 81730.6697
26650000 81487.2887
26700000 81015.8781
26750000 82001.9295
26800000 81638.8643
26850000 81281.8783
26900000 82483.8649
26950000 81549.9426
27000000 81675.4442
27050000 81584.4112
27100000 82035.6127
27150000 81855.5288
27200000 81716.6511
27250000 82220.5084
27300000 81386.6447
27350000 81211.5770
27400000 82427.2945
27450000 82512.0396
27500000 81430.2379
27550000 82281.6202
27600000 81142.3391
27650000 81662.4552
27700000 80396.3259
27750000 81861.1891
27800000 82307.3399
27850000 81272.2553
27900000 81595.9527
27950000 81241.4911
28000000 81881.1524
28050000 82419.3719
28100000 81869.0350
28150000 83105.2953
28200000 81707.5859
28250000 82500.9010
28300000 82136.3633
28350000 81626.1791
28400000 82270.8170
28450000 82068.1605
28500000 81939.3239
28550000 81671.3547
28600000 82014.7703
28650000 82551.2865
28700000 81966.5257
28750000 81441.0228
28800000 81395.7627
28850000 81433.3395
28900000 81861.7217
28950000 81919.7830
29000000 82134.6110
29050000 81325.4343
29100000 82230.3896
29150000 82233.8109
29200000 80780.6569
29250000 81928.1480
29300000 82278.0446
29350000 82900.4609
29400000 81192.1660
29450000 81908.1277
29500000 82205.6825
29550000 82323.7265
29600000 81734.6091
29650000 81257.6255
29700000 81814.0695
29750000 82517.1615
29800000 82172.9091
29850000 82243.0597
29900000 80503.1769
29950000 81581.2900
30000000 80913.7865
30050000 82180.5243
30100000 82286.8664
30150000 81734.3359
30200000 81407.8442
30250000 80969.6978
30300000 82639.6973
30350000 81807.6495
30400000 81353.7280
30450000 81427.4705
30500000 82033.5982
30550000 81407.4155
30600000 82306.1824
30650000 82223.0791
30700000 81938.8084
30750000 81220.8460
30800000 81289.8574
30850000 82786.9912
30900000 81686.0508
30950000 82946.4024
31000000 81609.0536
31050000 82056.3608
31100000 81254.1485
31150000 82207.1232
31200000 82147.9224
31250000 81635.1821
31300000 82421.1987
31350000 81606.5295
31400000 82222.1597
31450000 81651.5097
31500000 82011.2742
31550000 81806.5946
31600000 82116.4318
31650000 82244.2518
31700000 80799.9242
31750000 82270.8121
31800000 81908.0415
31850000 81595.4025
31900000 82183.3677
31950000 81382.5154
32000000 81938.6520
32050000 82109.3434
32100000 81243.8241
32150000 81243.0830
32200000 81384.2960
32250000 81532.3699
32300000 82409.9076
32350000 81270.3214
32400000 81888.1562
32450000 82570.1656
32500000 80925.8841
32550000 81698.8557
32600000 81162.4703
32650000 82793.2861
32700000 81962.0391
32750000 81437.0214
32800000 81523.5101
32850000 81638.1586
32900000 81118.8987
32950000 82280.2640
33000000 81449.9025
33050000 82416.4611
33100000 82703.1836
33150000 81897.6313
33200000 81728.7606
33250000 81719.5740
33300000 81029.4639
33350000 81749.8014
33400000 81859.4952
33450000 81391.1693
33500000 80848.0620
33550000 81328.1614
33600000 81881.7432
33650000 82006.3987
33700000 81266.5453
33750000 82162.4226
33800000 82120.5831
33850000 81432.5774
33900000 82915.7563
33950000 81511.3907
34000000 81201.2016
34050000 81838.8480
34100000 82068.7558
34150000 82232.0369
34200000 82221.4834
34250000 81738.7312
34300000 81955.0184
34350000 81233.5369
34400000 81758.3110
34450000 81764.1099
34500000 81761.1808
34550000 81323.6458
34600000 82293.2082
34650000 81808.1958
34700000 81656.8907
34750000 82232.5923
34800000 81274.4041
34850000 81666.8528
34900000 81645.7086
34950000 82935.9768
35000000 81400.2679
35050000 81800.4766
35100000 81428.1313
35150000 81265.9075
35200000 81880.7141
35250000 82071.8492
35300000 82253.2945
35350000 81526.0484
35400000 81068.3410
35450000 80947.5471
35500000 82082.7472
35550000 81549.6892
35600000 81795.0374
35650000 82156.7710
35700000 82093.6191
35750000 81153.6221
35800000 81180.4761
35850000 80784.9426
35900000 81404.6416
35950000 82196.1782
36000000 81986.9907
36050000 81249.3749
36100000 82479.1498
36150000 80700.4936
36200000 82879.4093
36250000 82518.0637
36300000 81449.6315
36350000 82401.0213
36400000 82081.6262
36450000 80805.8657
36500000 82656.1400
36550000 82245.6232
36600000 81078.0408
36650000 82364.1830
36700000 80615.6415
36750000 83122.4005
36800000 81199.4951
36850000 81927.6069
36900000 81288.9756
36950000 81544.9578
37000000 81941.2064
37050000 82274.2716
37100000 82465.7926
37150000 81657.4671
37200000 81922.2163
37250000 82806.5987
37300000 81573.1055
37350000 81511.3533
37400000 82110.7667
37450000 81887.4287
37500000 82119.2034
37550000 82575.5029
37600000 81157.6650
37650000 82556.2903
37700000 81964.6840
37750000 81469.8094
37800000 82002.2459
37850000 82001.8217
37900000 81238.2120
37950000 81697.6359
38000000 81457.4035
38050000 81741.8411
38100000 82379.4870
38150000 81982.8119
38200000 81989.6733
38250000 81602.9762
38300000 81505.9319
38350000 81233.9816
38400000 82320.4927
38450000 81484.5572
38500000 81902.3249
38550000 82421.6128
38600000 81940.0755
38650000 82586.2178
38700000 81616.5316
38750000 82149.9235
38800000 81654.8381
38850000 82314.4352
38900000 82660.4024
38950000 81541.2902
39000000 81053.1499
39050000 80628.4677
39100000 81444.2752
39150000 82204.1451
39200000 81300.7043
39250000 81710.1791
39300000 82334.3137
39350000 81876.1664
39400000 82308.8806
39450000 81158.3161
39500000 82015.9099
39550000 81594.8842
39600000 81172.0658
39650000 82042.2592
39700000 81370.1242
39750000 81353.4529
39800000 81718.8408
39850000 82726.7481
39900000 81974.5563
39950000 82196.4475
40000000 82342.8273
40050000 81834.6937
40100000 83116.7428
40150000 82953.4367
40200000 82336.2794
40250000 82007.5802
40300000 81360.1389
40350000 81082.7635
40400000 81714.1040
40450000 82264.9002
40500000 82159.4141
40550000 82284.4887
40600000 82400.6490
40650000 81734.5442
40700000 81773.9192
40750000 81737.1019
40800000 82307.4551
40850000 82164.6596
40900000 81652.6419
40950000 81907.1619
41000000 81385.1831
41050000 81653.0356
41100000 81948.7902
41150000 81876.1981
41200000 82132.4181
41250000 81450.3425
41300000 81575.6974
41350000 81622.3929
41400000 81416.9766
41450000 82162.7370
41500000 82415.1354
41550000 81787.7398
41600000 81787.7555
41650000 81749.1038
41700000 83465.1443
41750000 82504.9003
41800000 81899.9760
41850000 81199.4307
41900000 81023.1974
41950000 81467.2629
42000000 81901.8070
42050000 81866.1121
42100000 81541.5780
42150000 81973.0153
42200000 82178.5246
42250000 82144.9711
42300000 81926.6648
42350000 81369.2573
42400000 82426.1968
42450000 81985.0393
42500000 80957.4715
42550000 81640.2346
42600000 81902.8705
42650000 81894.6122
42700000 81788.7578
42750000 82007.6912
42800000 81848.2168
42850000 81522.2014
42900000 82428.8910
42950000 81544.0354
43000000 81875.2643
43050000 81787.6719
43100000 81818.9578
43150000 81368.6574
43200000 80581.8624
43250000 82910.4745
43300000 81349.0167
43350000 82696.9911
43400000 81260.5232
43450000 80658.9857
43500000 81132.9187
43550000 81549.4734
43600000 81585.7622
43650000 81436.9885
43700000 81225.9610
43750000 82407.1613
43800000 82081.1160
43850000 82186.0170
43900000 81769.1132
43950000 81285.8527
44000000 82232.2147
44050000 81818.6623
44100000 82480.0197
44150000 81593.1028
44200000 81267.6126
44250000 81086.2938
44300000 82831.3489
44350000 82226.4735
44400000 82374.5284
44450000 81487.9852
44500000 81097.9769
44550000 81833.9832
44600000 82324.4654
44650000 81298.0275
44700000 82400.9419
44750000 81482.0697
44800000 81767.3693
44850000 81183.3921
44900000 80893.7553
44950000 82237.3874
45000000 81799.2294
45050000 81468.9347
45100000 81623.6302
45150000 81640.5818
45200000 80872.8587
45250000 81960.2658
45300000 80779.4298
45350000 82735.4774
45400000 82744.6008
45450000 81460.2737
45500000 81936.2102
45550000 82859.3648
45600000 82973.1177
45650000 81457.5841
45700000 82507.0591
45750000 81501.4974
45800000 82437.0834
45850000 81524.1058
45900000 81935.5786
45950000 80793.4567
46000000 81687.2057
46050000 81994.0227
46100000 80623.0518
46150000 81764.0356
46200000 81834.2364
46250000 82141.5249
46300000 82218.2337
46350000 81542.6656
46400000 82065.9081
46450000 81800.8789
46500000 82883.4450
46550000 81680.7645
46600000 81943.3195
46650000 80778.3766
46700000 82023.1402
46750000 81972.8481
46800000 81763.7994
46850000 81874.2348
46900000 81596.4509
46950000 81619.4495
47000000 82260.1447
47050000 81829.9525
47100000 81252.4319
47150000 81558.1118
47200000 82409.3758
47250000 82145.8872
47300000 81826.5331
47350000 81585.7276
47400000 82918.9488
47450000 82920.1483
47500000 82290.8194
47550000 81194.2126
47600000 82073.7199
47650000 82458.9559
47700000 82340.0246
47750000 82202.8998
47800000 81590.4937
47850000 81179.6528
47900000 81298.5338
47950000 82213.2267
48000000 80756.6928
48050000 81761.5937
48100000 82146.6330
48150000 82010.3942
48200000 80848.2410
48250000 81415.6892
48300000 81932.2871
48350000 82136.4074
48400000 81455.8385
48450000 82043.5706
48500000 81637.5452
48550000 81796.5226
48600000 81191.1672
48650000 81905.3717
48700000 81014.3509
48750000 82412.8811
48800000 81645.3566
48850000 81315.1044
48900000 82467.4686
48950000 81871.7196
49000000 81364.6530
49050000 82443.2256
49100000 82041.2165
49150000 82096.5651
49200000 82552.4161
49250000 81307.2675
49300000 81059.2253
49350000 82799.4902
49400000 81155.8161
49450000 81641.5701
49500000 81709.4402
49550000 82753.8119
49600000 81274.0551
49650000 82264.9983
49700000 81983.0255
49750000 80841.2298
49800000 82111.6951
49850000 81597.8826
49900000 81802.8289
49950000 81853.9813
50000000 81327.0722