TS EVdW(kcal/mol)
0 72134.3045
50000 71924.8896
100000 72409.8677
150000 72805.4405
200000 72257.2245
250000 71908.0449
300000 70948.1879
350000 72136.9933
400000 72471.0461
450000 72040.1836
500000 71380.4403
550000 71929.1413
600000 71419.1507
650000 72570.9276
700000 73164.1027
750000 72743.1882
800000 72345.9939
850000 71660.6197
900000 71372.0520
950000 72074.8974
1000000 72069.7163
1050000 71968.1939
1100000 72162.9588
1150000 72619.6906
1200000 72760.5003
1250000 71857.9586
1300000 72046.7146
1350000 71909.6287
1400000 71434.8334
1450000 72413.8465
1500000 71897.4903
1550000 72044.5044
1600000 71998.2932
1650000 71487.8383
1700000 71699.0741
1750000 71674.2991
1800000 72419.9629
1850000 71545.8851
1900000 71631.3028
1950000 71557.9995
2000000 71680.3347
2050000 72539.7051
2100000 71535.1700
2150000 71979.6035
2200000 72024.0522
2250000 72316.2164
2300000 72239.8610
2350000 71258.2979
2400000 71841.0706
2450000 72402.1354
2500000 71414.1724
2550000 71876.6138
2600000 72451.1223
2650000 71047.8612
2700000 71725.1400
2750000 71625.1416
2800000 72132.4316
2850000 72412.2916
2900000 72109.6302
2950000 71198.9229
3000000 71478.5198
3050000 71831.3614
3100000 72313.6657
3150000 72270.3284
3200000 71713.1307
3250000 72409.8476
3300000 72155.3785
3350000 72490.4338
3400000 71856.9489
3450000 71505.4013
3500000 72286.4085
3550000 71498.1942
3600000 73199.9345
3650000 71786.2399
3700000 71145.2686
3750000 72095.8132
3800000 71386.6690
3850000 71054.6834
3900000 72354.5489
3950000 72880.9401
4000000 71754.7208
4050000 72678.6993
4100000 70932.1654
4150000 72126.8923
4200000 72029.9007
4250000 72293.7321
4300000 72177.3519
4350000 71716.3173
4400000 71894.1220
4450000 70903.0654
4500000 73093.7043
4550000 71998.4511
4600000 71604.9953
4650000 71763.4342
4700000 71267.5513
4750000 72183.4232
4800000 72607.5689
4850000 71970.4026
4900000 72063.8323
4950000 72467.9061
5000000 71066.1174
5050000 71172.5458
5100000 71534.5742
5150000 71500.7643
5200000 71224.1449
5250000 71814.2545
5300000 71837.0704
5350000 71635.2660
5400000 72108.3999
5450000 72348.5863
5500000 71040.1621
5550000 71770.8419
5600000 72783.6231
5650000 71606.2965
5700000 72320.2884
5750000 72058.0789
5800000 70802.2754
5850000 72006.8755
5900000 71987.9032
5950000 71670.4282
6000000 71680.4429
6050000 71230.7643
6100000 70867.7603
6150000 72653.7973
6200000 71827.2701
6250000 71834.9831
6300000 71155.2805
6350000 71500.1345
6400000 71127.7785
6450000 71704.0589
6500000 71975.5807
6550000 72351.9971
6600000 71907.7546
6650000 71927.4061
6700000 71219.0889
6750000 72676.3338
6800000 71825.0701
6850000 70983.3040
6900000 71605.1660
6950000 72822.0367
7000000 72311.4020
7050000 71756.7470
7100000 71410.5238
7150000 72132.5458
7200000 72781.4957
7250000 71624.9096
7300000 71829.2793
7350000 71783.9933
7400000 72632.1255
7450000 70788.9857
7500000 72329.4139
7550000 71990.9739
7600000 71304.0034
7650000 72083.8456
7700000 70859.5892
7750000 71760.0852
7800000 71917.8806
7850000 72385.1560
7900000 71992.8263
7950000 71532.9174
8000000 70999.7578
8050000 71263.8821
8100000 71358.2056
8150000 72049.2284
8200000 71248.8955
8250000 71516.2415
8300000 70438.5385
8350000 71529.1067
8400000 70924.0440
8450000 71733.9491
8500000 72396.2912
8550000 72016.2212
8600000 72048.7655
8650000 71265.9776
8700000 71981.2714
8750000 71130.0790
8800000 72028.1558
8850000 71874.0532
8900000 72171.7364
8950000 71319.3970
9000000 71839.7795
9050000 73041.3472
9100000 71446.5391
9150000 72351.5876
9200000 71867.3480
9250000 71076.9127
9300000 71713.1724
9350000 73047.4067
9400000 72515.9624
9450000 71915.6483
9500000 70678.5954
9550000 72044.3555
9600000 71002.1698
9650000 72436.5849
9700000 72748.2785
9750000 71233.2163
9800000 71354.6514
9850000 71859.0015
9900000 71454.6571
9950000 72432.3775
10000000 70775.4043
10050000 71963.5808
10100000 71953.1324
10150000 71379.0815
10200000 71741.0334
10250000 72289.3689
10300000 71442.3387
10350000 71306.7310
10400000 71653.7582
10450000 71866.6936
10500000 71527.3665
10550000 72210.9151
10600000 72481.2593
10650000 72031.8861
10700000 70555.5096
10750000 71875.4563
10800000 71471.3992
10850000 72109.8823
10900000 72784.3318
10950000 72056.4655
11000000 70820.5834
11050000 72453.8337
11100000 71444.2730
11150000 72696.1269
11200000 71215.8261
11250000 72277.8466
11300000 71722.6227
11350000 71963.9184
11400000 71508.1956
11450000 71527.2070
11500000 71344.9278
11550000 71853.1924
11600000 72011.7568
11650000 70956.6310
11700000 71971.8149
11750000 71983.1977
11800000 71922.3417
11850000 72186.4219
11900000 72074.5383
11950000 72161.6416
12000000 71883.2205
12050000 71442.4852
12100000 71343.1534
12150000 71676.7988
12200000 72486.9295
12250000 72157.6914
12300000 71749.8840
12350000 72014.5695
12400000 71331.7491
12450000 72084.7438
12500000 72015.6320
12550000 71576.0637
12600000 71032.4009
12650000 72549.9397
12700000 72140.5195
12750000 71905.2659
12800000 72246.8347
12850000 71496.3449
12900000 72650.8723
12950000 71679.0897
13000000 71947.9670
13050000 71064.7517
13100000 71378.7494
13150000 71915.1281
13200000 71369.4774
13250000 72137.0604
13300000 71716.6939
13350000 72150.6297
13400000 71786.2413
13450000 72132.4784
13500000 72046.7930
13550000 71312.5912
13600000 72856.4487
13650000 71952.4401
13700000 71732.4873
13750000 72474.0060
13800000 72592.6574
13850000 71379.1409
13900000 72045.0925
13950000 71577.4852
14000000 71247.1005
14050000 72525.3995
14100000 72363.2476
14150000 72494.7081
14200000 72382.5897
14250000 70985.3545
14300000 72350.4786
14350000 71702.4060
14400000 71854.4079
14450000 70801.7850
14500000 71907.1399
14550000 71996.9863
14600000 71451.5791
14650000 72537.0662
14700000 72338.5414
14750000 72414.8226
14800000 70827.1165
14850000 71283.8237
14900000 72171.1738
14950000 71635.9470
15000000 71322.6255
15050000 71320.8280
15100000 71393.9151
15150000 72341.3434
15200000 70548.6768
15250000 72137.0707
15300000 71960.6521
15350000 71861.8556
15400000 71729.2038
15450000 72196.7506
15500000 71946.6644
15550000 71610.9195
15600000 71665.8535
15650000 71387.4893
15700000 71971.4030
15750000 70911.9142
15800000 70674.7410
15850000 72309.8686
15900000 71522.7603
15950000 71514.7260
16000000 71710.4748
16050000 72226.1511
16100000 72251.5856
16150000 71904.5239
16200000 71923.0588
16250000 71071.4020
16300000 71610.2648
16350000 70937.9977
16400000 72097.9943
16450000 72127.2770
16500000 72168.7781
16550000 71721.2067
16600000 72069.3089
16650000 72178.5132
16700000 71308.7150
16750000 71444.8460
16800000 71729.0871
16850000 71623.4054
16900000 71556.8880
16950000 71671.8914
17000000 71012.8868
17050000 70829.7586
17100000 71479.6809
17150000 72101.9276
17200000 71599.7141
17250000 72312.6011
17300000 71173.9617
17350000 71118.0176
17400000 72017.0098
17450000 71327.6195
17500000 70964.5212
17550000 71911.4549
17600000 70974.3897
17650000 71336.4081
17700000 71731.9141
17750000 71472.3049
17800000 71074.8587
17850000 72751.9564
17900000 71756.7947
17950000 71795.0699
18000000 72401.8820
18050000 71348.7299
18100000 71032.8196
18150000 71416.0492
18200000 71817.1758
18250000 70993.0976
18300000 71841.1428
18350000 71480.2150
18400000 71722.5801
18450000 70504.4521
18500000 72548.8834
18550000 72187.3020
18600000 71935.4435
18650000 71469.7237
18700000 71796.2012
18750000 71651.9864
18800000 72588.0798
18850000 71540.4611
18900000 71714.8158
18950000 71668.2613
19000000 71847.5487
19050000 71248.5606
19100000 71574.2028
19150000 71871.3687
19200000 71494.9297
19250000 71696.0852
19300000 71722.5693
19350000 72037.3113
19400000 71804.6513
19450000 71826.4694
19500000 71027.8200
19550000 71886.2982
19600000 72083.5336
19650000 71428.0767
19700000 71759.6802
19750000 71272.8595
19800000 72053.4953
19850000 71013.9390
19900000 71913.7103
19950000 71782.2893
20000000 71251.5829
20050000 72299.7974
20100000 70912.7926
20150000 71786.9957
20200000 71911.7057
20250000 71735.4936
20300000 72275.5037
20350000 71090.2219
20400000 71634.5891
20450000 72415.7387
20500000 71725.5962
20550000 71503.9353
20600000 70620.4165
20650000 71316.3744
20700000 70743.7375
20750000 71881.2793
20800000 71676.4715
20850000 72446.0081
20900000 71471.3002
20950000 72488.8275
21000000 72071.6025
21050000 71915.7718
21100000 72163.5943
21150000 72094.3918
21200000 71850.3954
21250000 71521.3562
21300000 72027.4877
21350000 71119.9016
21400000 72495.3693
21450000 71938.7543
21500000 71985.4323
21550000 72329.6231
21600000 71457.2608
21650000 71380.6568
21700000 71362.5517
21750000 71746.7077
21800000 71196.8563
21850000 71281.8550
21900000 72081.5288
21950000 71742.3404
22000000 71728.0876
22050000 71156.0617
22100000 71587.2374
22150000 71204.8862
22200000 71598.9057
22250000 71406.1400
22300000 71450.8359
22350000 71547.4235
22400000 71547.0338
22450000 71593.9251
22500000 70799.5401
22550000 71378.3667
22600000 71519.2462
22650000 71087.9619
22700000 71562.0427
22750000 71364.8543
22800000 71166.0823
22850000 72136.1230
22900000 71907.4484
22950000 71323.0184
23000000 72457.5341
23050000 71403.8155
23100000 71022.2438
23150000 72257.4522
23200000 72323.6267
23250000 72042.8272
23300000 70894.6471
23350000 72068.0462
23400000 71061.7963
23450000 72514.3167
23500000 71381.9064
23550000 72357.1319
23600000 71649.7821
23650000 71065.9239
23700000 71134.4108
23750000 71872.5400
23800000 70568.7736
23850000 72579.6662
23900000 71879.8992
23950000 71997.9929
24000000 72287.3120
24050000 71838.9608
24100000 71625.3335
24150000 71632.3223
24200000 72506.9826
24250000 71809.8455
24300000 71564.3178
24350000 71127.6969
24400000 72410.1099
24450000 70968.9839
24500000 71945.0539
24550000 72057.9544
24600000 71583.8970
24650000 71527.2971
24700000 72041.5748
24750000 71312.7934
24800000 72326.1129
24850000 71906.7319
24900000 72221.0167
24950000 71855.0643
25000000 72141.5049
25050000 71142.5292
25100000 71307.8162
25150000 71979.7867
25200000 71989.2634
25250000 72139.0068
25300000 70422.4373
25350000 71494.8825
25400000 71884.2680
25450000 71264.8210
25500000 71534.1079
25550000 71034.1854
25600000 71441.6398
25650000 70623.6434
25700000 71241.4920
25750000 72934.6697
25800000 71595.3269
25850000 71278.0557
25900000 71436.2096
25950000 71844.2414
26000000 70905.8412
26050000 71151.1915
26100000 72027.7559
26150000 71226.6340
26200000 72003.8465
26250000 71223.6472
26300000 71234.5490
26350000 71936.0685
26400000 70829.5193
26450000 71742.3438
26500000 71258.8683
26550000 71869.1616
26600000 71433.0807
26650000 71241.6856
26700000 71738.8869
26750000 71299.1221
26800000 71699.0193
26850000 70953.1674
26900000 72540.7744
26950000 71503.9325
27000000 72521.1881
27050000 70896.8736
27100000 71988.1153
27150000 72291.0176
27200000 71879.4987
27250000 71683.0949
27300000 71947.5436
27350000 70572.8972
27400000 70860.3837
27450000 72382.5789
27500000 71149.4321
27550000 71615.0543
27600000 71907.7240
27650000 72252.0729
27700000 71650.5949
27750000 71293.4650
27800000 71401.1796
27850000 71270.8349
27900000 71738.1480
27950000 72291.4352
28000000 72771.6034
28050000 71284.7425
28100000 72519.2441
28150000 72091.9992
28200000 70725.9138
28250000 71142.0237
28300000 72244.4359
28350000 70999.6896
28400000 71962.1711
28450000 71598.4475
28500000 71714.3354
28550000 71708.8012
28600000 72131.8135
28650000 71364.2987
28700000 71790.7900
28750000 70977.8367
28800000 71631.8705
28850000 71313.3678
28900000 72135.4061
28950000 73083.8772
29000000 71200.6851
29050000 70907.3390
29100000 72580.0481
29150000 71732.8625
29200000 70888.8775
29250000 71285.0571
29300000 70766.0923
29350000 72020.8124
29400000 71258.6105
29450000 71337.3588
29500000 70772.1780
29550000 71713.0286
29600000 71639.4804
29650000 71910.4321
29700000 71824.4305
29750000 71623.0096
29800000 71077.6026
29850000 71891.0123
29900000 71577.5418
29950000 71266.2552
30000000 70974.6707
30050000 71818.2584
30100000 72187.4642
30150000 71591.2653
30200000 71768.5626
30250000 71446.2198
30300000 71862.6900
30350000 71033.9794
30400000 71750.4663
30450000 70924.9081
30500000 70986.1220
30550000 72054.0487
30600000 71813.1617
30650000 71638.6790
30700000 71919.9870
30750000 71566.5250
30800000 71595.9961
30850000 70734.7424
30900000 71967.7147
30950000 71200.5229
31000000 70819.7940
31050000 71717.4554
31100000 71707.0799
31150000 71000.1594
31200000 71085.8439
31250000 72058.9908
31300000 72529.1244
31350000 71307.2204
31400000 70744.1529
31450000 72162.3999
31500000 71622.6071
31550000 72119.2292
31600000 71601.1641
31650000 71683.4499
31700000 71325.6171
31750000 70871.4525
31800000 71688.1688
31850000 71311.6011
31900000 71864.2563
31950000 71126.6229
32000000 70897.9610
32050000 71173.5524
32100000 71069.6939
32150000 71101.5763
32200000 71545.3569
32250000 71546.6089
32300000 70835.3603
32350000 71907.2307
32400000 72080.8824
32450000 71032.0493
32500000 71346.3056
32550000 71440.1494
32600000 71347.9074
32650000 71702.4836
32700000 71107.9473
32750000 71291.2085
32800000 71890.8898
32850000 70617.2021
32900000 71306.3273
32950000 70886.3708
33000000 71387.6966
33050000 72071.5823
33100000 71763.7715
33150000 71732.4644
33200000 71918.1703
33250000 70770.0866
33300000 70923.4715
33350000 71246.8299
33400000 70550.1906
33450000 70938.3790
33500000 72198.1135
33550000 72335.4193
33600000 71632.3418
33650000 71504.3630
33700000 70482.4627
33750000 70845.1915
33800000 71676.9936
33850000 71774.7376
33900000 71153.9749
33950000 71549.4466
34000000 70839.1784
34050000 72222.3944
34100000 71664.9429
34150000 71955.9556
34200000 71218.5352
34250000 71388.8908
34300000 72101.5303
34350000 71795.6124
34400000 71560.0792
34450000 71190.7027
34500000 71546.8788
34550000 71344.2493
34600000 72958.1287
34650000 71496.6065
34700000 71154.8157
34750000 71553.7688
34800000 71630.0047
34850000 71533.7836
34900000 72204.9046
34950000 72153.9440
35000000 71659.8850
35050000 71246.1411
35100000 71304.4984
35150000 71230.8164
35200000 72272.8511
35250000 71542.9148
35300000 70978.2010
35350000 71516.7638
35400000 71302.2078
35450000 72057.3891
35500000 71869.9045
35550000 71954.6232
35600000 72544.6688
35650000 71722.4072
35700000 72084.5569
35750000 71649.5217
35800000 71200.0219
35850000 71660.5264
35900000 71262.4860
35950000 70762.7422
36000000 70879.6467
36050000 70641.9344
36100000 71718.3787
36150000 72471.0844
36200000 70697.8772
36250000 72305.9095
36300000 71320.8661
36350000 71551.1278
36400000 72458.2204
36450000 70802.9995
36500000 71798.0784
36550000 71755.0389
36600000 72827.0822
36650000 71468.0092
36700000 71936.0551
36750000 72096.3498
36800000 71410.4091
36850000 71973.0592
36900000 72869.5534
36950000 71354.0029
37000000 72460.5811
37050000 70572.7131
37100000 71543.7561
37150000 71084.0180
37200000 70648.2357
37250000 71517.4904
37300000 71564.7860
37350000 71903.9030
37400000 71836.8863
37450000 71064.3591
37500000 70906.8951
37550000 72260.7523
37600000 72446.8595
37650000 71797.0113
37700000 71326.0435
37750000 71556.4811
37800000 70994.4773
37850000 71155.8697
37900000 71076.3491
37950000 71787.9447
38000000 72098.4039
38050000 71838.2596
38100000 72009.0888
38150000 72330.4294
38200000 71057.6258
38250000 71392.7149
38300000 71782.2300
38350000 71076.3758
38400000 72956.4589
38450000 72162.6378
38500000 72917.9133
38550000 71346.7318
38600000 71591.6922
38650000 72293.3129
38700000 72063.7758
38750000 71945.4739
38800000 71242.9740
38850000 71503.4757
38900000 71465.1389
38950000 71644.0371
39000000 72468.8526
39050000 71619.8154
39100000 71354.8909
39150000 71073.7736
39200000 71189.6303
39250000 72674.4420
39300000 71923.5589
39350000 70438.3546
39400000 72032.4896
39450000 70952.0987
39500000 71737.9504
39550000 71798.3653
39600000 70700.1444
39650000 71907.5126
39700000 71361.0125
39750000 72469.3742
39800000 71455.2043
39850000 71492.3822
39900000 71496.9414
39950000 71123.9618
40000000 71309.8355
40050000 71091.7593
40100000 72160.8117
40150000 71977.3218
40200000 72509.2472
40250000 71434.7116
40300000 70645.9272
40350000 70659.9867
40400000 72801.3643
40450000 71638.7020
40500000 71930.8757
40550000 71656.4739
40600000 71348.5511
40650000 70488.7732
40700000 71951.3908
40750000 71248.9772
40800000 71533.4925
40850000 71873.4669
40900000 71648.3736
40950000 71887.1612
41000000 71347.2120
41050000 70776.1226
41100000 70599.3384
41150000 72146.5274
41200000 71350.2397
41250000 71518.2632
41300000 71489.7654
41350000 71110.3461
41400000 71900.1202
41450000 71425.9484
41500000 72119.6500
41550000 71507.2227
41600000 71637.6527
41650000 71924.3685
41700000 71962.7974
41750000 72155.7676
41800000 72118.0326
41850000 71904.8757
41900000 71057.5323
41950000 71892.1326
42000000 71487.1670
42050000 71546.4895
42100000 71787.4727
42150000 72412.1096
42200000 72151.6435
42250000 71463.5798
42300000 70875.7652
42350000 72008.0172
42400000 71563.6625
42450000 71997.3464
42500000 70968.8327
42550000 71783.5712
42600000 71967.8303
42650000 71971.8365
42700000 71897.9799
42750000 72167.7590
42800000 71697.1982
42850000 71064.5866
42900000 72511.9868
42950000 70596.1212
43000000 71092.2216
43050000 71894.2889
43100000 71576.9551
43150000 71555.5400
43200000 72307.1343
43250000 71467.7026
43300000 71607.4947
43350000 71777.6211
43400000 71020.7280
43450000 71240.7274
43500000 71308.9403
43550000 71530.7507
43600000 72541.6521
43650000 71340.1979
43700000 71546.2354
43750000 71379.4685
43800000 71140.8692
43850000 72323.5382
43900000 71127.0512
43950000 71108.4695
44000000 71986.7768
44050000 70674.5312
44100000 71202.6525
44150000 72182.5121
44200000 70917.5611
44250000 71672.6629
44300000 71582.5609
44350000 71953.3679
44400000 71658.5328
44450000 71362.4507
44500000 71097.1683
44550000 71154.9478
44600000 71030.1371
44650000 72468.0045
44700000 71614.3946
44750000 72137.6436
44800000 71417.2126
44850000 71973.1387
44900000 71793.8456
44950000 71525.4710
45000000 71768.6347
45050000 71535.3742
45100000 71212.4230
45150000 72158.6680
45200000 71970.5927
45250000 72550.4873
45300000 71627.7536
45350000 71784.2418
45400000 72311.2653
45450000 71406.6784
45500000 71023.5836
45550000 72125.2772
45600000 71266.2693
45650000 71975.9501
45700000 71619.6039
45750000 71810.5229
45800000 71584.3715
45850000 71422.5742
45900000 71506.5999
45950000 71625.9787
46000000 71120.3227
46050000 71399.3693
46100000 70967.4282
46150000 71524.2342
46200000 71550.4901
46250000 72082.0869
46300000 71932.9177
46350000 71646.5051
46400000 71670.8085
46450000 72351.1975
46500000 70878.3420
46550000 72105.8587
46600000 71484.8666
46650000 72325.1358
46700000 71324.3667
46750000 72402.7009
46800000 71254.8233
46850000 71692.8413
46900000 70942.9051
46950000 71367.0420
47000000 71273.6867
47050000 71889.8929
47100000 72984.9444
47150000 71601.4166
47200000 72114.4686
47250000 71229.9326
47300000 71512.7884
47350000 72068.7438
47400000 71862.3944
47450000 72009.9506
47500000 71494.0039
47550000 71763.1937
47600000 72398.2825
47650000 71429.6621
47700000 71364.0989
47750000 71407.4638
47800000 70663.9203
47850000 71477.8667
47900000 71780.2046
47950000 72060.7399
48000000 71587.4861
48050000 71201.0980
48100000 71799.7157
48150000 72061.9333
48200000 71471.9073
48250000 71931.1801
48300000 71486.8283
48350000 71374.9285
48400000 72187.2292
48450000 72110.9602
48500000 72015.1206
48550000 71465.9982
48600000 71270.8877
48650000 71450.4794
48700000 72556.2829
48750000 71906.6423
48800000 71344.0889
48850000 72489.7183
48900000 71548.0105
48950000 72582.0733
49000000 71380.9828
49050000 71269.6561
49100000 72347.9329
49150000 71350.6642
49200000 71357.5370
49250000 71556.2550
49300000 70803.0718
49350000 72287.5385
49400000 71485.6074
49450000 71446.4685
49500000 71728.7143
49550000 71651.8048
49600000 70837.2181
49650000 71104.2942
49700000 71385.1349
49750000 71120.7027
49800000 71273.2625
49850000 71738.4699
49900000 71627.0176
49950000 71084.2373
50000000 71106.0565