Frame RMSD
1 1.5017890930175781
2 2.2187225818634033
3 2.4584310054779053
4 2.6178152561187744
5 2.7144930362701416
6 2.685075283050537
7 3.024172306060791
8 3.3134939670562744
9 3.507692813873291
10 3.443723678588867
11 3.6127820014953613
12 3.6285674571990967
13 3.683385133743286
14 3.5405497550964355
15 3.7329702377319336
16 3.712352991104126
17 4.043997287750244
18 4.000797271728516
19 4.033193111419678
20 4.010951042175293
21 4.1895432472229
22 4.146785259246826
23 4.283313751220703
24 4.26445198059082
25 4.115777969360352
26 4.099004745483398
27 3.969355583190918
28 4.218958377838135
29 4.238386154174805
30 4.062796115875244
31 4.197681427001953
32 4.1943745613098145
33 3.9790167808532715
34 4.089182376861572
35 4.383212089538574
36 4.12899923324585
37 4.121840476989746
38 4.162509441375732
39 4.387356281280518
40 4.350541114807129
41 4.2921857833862305
42 4.4943413734436035
43 4.524198055267334
44 4.450428009033203
45 4.357363224029541
46 4.246825218200684
47 4.390703201293945
48 4.461819171905518
49 4.503016948699951
50 4.4150800704956055
51 4.298208236694336
52 4.280872821807861
53 4.18881368637085
54 4.2706732749938965
55 4.2985639572143555
56 4.483179092407227
57 4.584125995635986
58 4.609398365020752
59 4.623885154724121
60 4.625532627105713
61 4.578286170959473
62 4.476141452789307
63 4.4342827796936035
64 4.578927516937256
65 4.3723955154418945
66 4.483310699462891
67 4.498484134674072
68 4.425495147705078
69 4.256994724273682
70 4.340779781341553
71 4.549258232116699
72 4.582408905029297
73 4.311683177947998
74 4.3614325523376465
75 4.369274139404297
76 4.307014465332031
77 4.291051387786865
78 4.447197914123535
79 4.371426105499268
80 4.446810722351074
81 4.633106708526611
82 4.324193477630615
83 4.431210041046143
84 4.279246807098389
85 4.376708984375
86 4.398781776428223
87 4.515104293823242
88 4.3731889724731445
89 4.401029586791992
90 4.267718315124512
91 4.3358473777771
92 4.1523237228393555
93 4.213744640350342
94 4.286123752593994
95 4.529672622680664
96 4.714091777801514
97 4.837069988250732
98 4.811325550079346
99 4.489614009857178
100 4.514636039733887
101 4.453089237213135
102 4.3525495529174805
103 4.275886535644531
104 3.9915084838867188
105 4.245529651641846
106 4.300663471221924
107 4.248578071594238
108 4.361998081207275
109 4.253279685974121
110 4.4843339920043945
111 4.482795715332031
112 4.453968048095703
113 4.251220703125
114 4.302270412445068
115 4.465516090393066
116 4.251548767089844
117 4.331665515899658
118 4.220047473907471
119 4.160431861877441
120 4.153688907623291
121 4.295271396636963
122 4.237405776977539
123 4.210648059844971
124 4.370998382568359
125 4.516404151916504
126 4.614866733551025
127 4.68376350402832
128 4.6415934562683105
129 4.612687587738037
130 4.252603054046631
131 4.361889839172363
132 4.264682292938232
133 4.265631198883057
134 4.466039657592773
135 4.453639507293701
136 4.737109661102295
137 4.8881940841674805
138 4.926878452301025
139 5.0445051193237305
140 5.016005039215088
141 4.996391296386719
142 5.0580668449401855
143 5.244513511657715
144 5.073391914367676
145 5.032193660736084
146 4.834902763366699
147 5.164583206176758
148 5.138675212860107
149 5.091121673583984
150 5.190103054046631
151 5.391880035400391
152 5.599459171295166
153 5.362435817718506
154 5.458047389984131
155 5.152199745178223
156 5.158301830291748
157 5.488016128540039
158 5.566361427307129
159 5.637626647949219
160 5.896775245666504
161 5.856503486633301
162 5.820688724517822
163 5.684394359588623
164 5.564443111419678
165 5.624898910522461
166 5.521934986114502
167 5.498823642730713
168 5.5381178855896
169 5.770082473754883
170 5.941094398498535
171 5.996544361114502
172 6.089571475982666
173 5.993563652038574
174 5.829287528991699
175 5.940512657165527
176 5.821362495422363
177 6.007443428039551
178 6.026003837585449
179 5.932060718536377
180 6.0478291511535645
181 6.016996383666992
182 5.909700393676758
183 6.131568908691406
184 6.117767810821533
185 6.0249104499816895
186 6.065459728240967
187 6.034764766693115
188 5.900396823883057
189 6.10524845123291
190 6.2736310958862305
191 6.498751163482666
192 6.254106521606445
193 6.35403299331665
194 6.43725061416626
195 6.502994060516357
196 6.6090874671936035
197 6.685467720031738
198 6.639858722686768
199 6.727543354034424
200 6.834165096282959
201 6.915128231048584
202 6.851837635040283
203 7.056882858276367
204 7.205866813659668
205 7.3794474601745605
206 7.313218116760254
207 7.234443664550781
208 7.369529724121094
209 7.272646427154541
210 7.259071350097656
211 6.961628437042236
212 6.844388008117676
213 6.8853607177734375
214 6.879688739776611
215 6.838970184326172
216 7.056691646575928
217 7.154261112213135
218 7.176645278930664
219 7.283658981323242
220 7.414587497711182
221 7.377163410186768
222 7.434274673461914
223 7.428778648376465
224 7.589435577392578
225 7.687295436859131
226 7.553608417510986
227 7.31703519821167
228 7.349469184875488
229 7.300658226013184
230 7.361575126647949
231 7.349084377288818
232 7.275646686553955
233 7.121872901916504
234 7.368520259857178
235 7.432621002197266
236 7.266054630279541
237 7.275461196899414
238 7.204679012298584
239 7.177883148193359
240 7.297477722167969
241 7.476593971252441
242 7.651596546173096
243 7.808700084686279
244 7.8716840744018555
245 8.014591217041016
246 7.9880499839782715
247 7.927703857421875
248 8.020781517028809
249 8.000556945800781
250 8.218462944030762
251 8.066722869873047
252 8.090094566345215
253 8.1863431930542
254 8.009931564331055
255 8.154376029968262
256 8.105222702026367
257 8.042147636413574
258 8.131973266601563
259 8.04914665222168
260 8.309770584106445
261 8.094328880310059
262 7.95756721496582
263 8.140289306640625
264 7.933562755584717
265 8.028328895568848
266 8.01356029510498
267 8.215228080749512
268 8.19657039642334
269 8.192824363708496
270 8.265029907226563
271 8.368261337280273
272 8.418285369873047
273 8.304821014404297
274 8.346284866333008
275 8.334867477416992
276 8.548185348510742
277 8.6514253616333
278 8.648835182189941
279 8.489264488220215
280 8.453863143920898
281 8.284197807312012
282 8.154866218566895
283 8.163125991821289
284 8.291459083557129
285 8.40489387512207
286 8.276193618774414
287 7.891434669494629
288 8.029974937438965
289 8.32106876373291
290 8.362342834472656
291 8.410531997680664
292 8.403251647949219
293 8.098908424377441
294 8.0770263671875
295 8.161115646362305
296 7.922312259674072
297 7.711750030517578
298 7.703887939453125
299 7.956276893615723
300 7.812108993530273
301 7.907646179199219
302 7.913858413696289
303 7.898277282714844
304 7.8173112869262695
305 7.7191667556762695
306 7.6999592781066895
307 7.619528770446777
308 7.5420637130737305
309 7.859394073486328
310 8.02207088470459
311 8.184691429138184
312 8.145243644714355
313 8.001791954040527
314 7.832362651824951
315 8.23390007019043
316 8.077973365783691
317 7.920366287231445
318 7.937656879425049
319 7.931283473968506
320 7.872366905212402
321 7.6586408615112305
322 7.715569972991943
323 7.9435296058654785
324 8.169442176818848
325 8.312870025634766
326 8.205663681030273
327 8.362740516662598
328 8.361531257629395
329 8.343130111694336
330 8.402843475341797
331 8.450687408447266
332 8.25895881652832
333 8.13575267791748
334 8.524022102355957
335 8.767836570739746
336 8.757346153259277
337 9.009733200073242
338 8.754683494567871
339 8.909979820251465
340 8.854156494140625
341 8.711520195007324
342 8.92900562286377
343 8.781654357910156
344 9.052533149719238
345 9.202088356018066
346 9.034799575805664
347 8.590439796447754
348 8.63023853302002
349 8.236872673034668
350 8.613398551940918
351 8.70335865020752
352 8.832392692565918
353 8.514135360717773
354 8.55989933013916
355 8.30821418762207
356 8.482953071594238
357 8.277006149291992
358 8.069512367248535
359 8.084385871887207
360 7.927332401275635
361 7.90739631652832
362 8.047795295715332
363 7.800532341003418
364 7.686712265014648
365 7.787449836730957
366 7.997297763824463
367 8.08385944366455
368 8.070557594299316
369 8.279328346252441
370 8.116147994995117
371 8.121350288391113
372 8.209176063537598
373 8.066110610961914
374 8.031519889831543
375 8.33080768585205
376 8.108887672424316
377 8.076081275939941
378 8.060651779174805
379 8.297541618347168
380 8.269895553588867
381 8.209564208984375
382 8.197489738464355
383 8.372855186462402
384 8.510354995727539
385 8.591936111450195
386 8.593732833862305
387 8.535593032836914
388 8.4181489944458
389 8.33332633972168
390 8.327742576599121
391 8.441962242126465
392 8.516254425048828
393 8.566710472106934
394 8.541162490844727
395 8.605684280395508
396 8.507425308227539
397 8.263607025146484
398 8.299120903015137
399 8.176858901977539
400 8.258475303649902
401 8.460883140563965
402 8.271562576293945
403 8.138321876525879
404 7.98321533203125
405 8.062655448913574
406 8.05838680267334
407 8.278130531311035
408 8.24612808227539
409 8.018632888793945
410 8.246172904968262
411 8.279173851013184
412 8.277801513671875
413 8.35194206237793
414 8.313426971435547
415 8.296953201293945
416 8.23393726348877
417 8.2042818069458
418 8.061779022216797
419 8.212102890014648
420 8.219901084899902
421 8.2919921875
422 8.276264190673828
423 8.26484203338623
424 8.508708000183105
425 8.280486106872559
426 8.320637702941895
427 8.53231143951416
428 8.538558006286621
429 8.629798889160156
430 8.688082695007324
431 8.71485710144043
432 8.700613975524902
433 8.635642051696777
434 8.416090965270996
435 8.326181411743164
436 8.415508270263672
437 8.37282943725586
438 8.247130393981934
439 8.356504440307617
440 8.190067291259766
441 8.395170211791992
442 8.365544319152832
443 8.597644805908203
444 8.634064674377441
445 8.601175308227539
446 8.537456512451172
447 8.532440185546875
448 8.571511268615723
449 8.507682800292969
450 8.432282447814941
451 8.218000411987305
452 8.232768058776855
453 8.188986778259277
454 8.197787284851074
455 8.054204940795898
456 8.205117225646973
457 8.42499828338623
458 8.437628746032715
459 8.732290267944336
460 8.484173774719238
461 8.311906814575195
462 8.424089431762695
463 8.285506248474121
464 8.444533348083496
465 8.151350975036621
466 8.23415756225586
467 8.138379096984863
468 8.162647247314453
469 8.156960487365723
470 8.200864791870117
471 8.191033363342285
472 8.481075286865234
473 8.456990242004395
474 8.613974571228027
475 8.430732727050781
476 8.36072063446045
477 8.365126609802246
478 8.252467155456543
479 8.532315254211426
480 8.60791015625
481 8.55555248260498
482 8.706586837768555
483 8.637036323547363
484 8.543255805969238
485 8.668813705444336
486 8.775190353393555
487 8.65442943572998
488 8.665177345275879
489 8.780366897583008
490 8.881296157836914
491 8.855478286743164
492 8.74676513671875
493 8.834471702575684
494 8.8026762008667
495 8.719017028808594
496 8.65921401977539
497 8.720342636108398
498 8.736116409301758
499 8.698079109191895