R Rg
0.05 0.0
0.15000000000000002 0.0
0.25 0.0
0.35000000000000003 0.0
0.45 0.0
0.55 0.0
0.65 0.0
0.75 0.0
0.8500000000000001 0.0
0.9500000000000001 0.0
1.05 0.0
1.1500000000000001 0.0
1.25 0.0
1.35 0.0
1.4500000000000002 0.0
1.55 0.0
1.6500000000000001 0.0
1.75 0.0
1.85 0.0
1.9500000000000002 0.0
2.0500000000000003 0.0
2.15 0.0
2.25 0.0
2.35 0.0
2.45 0.0
2.5500000000000003 0.0
2.6500000000000004 0.0
2.75 0.0
2.85 0.0
2.95 0.0
3.0500000000000003 0.0
3.1500000000000004 0.0
3.25 0.0
3.35 0.0
3.45 0.0
3.5500000000000003 0.0
3.6500000000000004 0.0
3.75 0.0
3.85 0.0
3.95 0.0
4.05 0.0
4.15 0.0
4.25 0.0
4.3500000000000005 0.0
4.45 0.0
4.55 0.0
4.65 0.0
4.75 0.0
4.8500000000000005 0.0
4.95 0.0
5.050000000000001 0.0
5.15 0.0
5.25 0.0
5.3500000000000005 0.0
5.45 0.0
5.550000000000001 0.0
5.65 0.0
5.75 0.0
5.8500000000000005 0.0
5.95 0.0
6.050000000000001 0.0
6.15 0.0
6.25 0.0
6.3500000000000005 0.0
6.45 0.0
6.550000000000001 0.0
6.65 0.0
6.75 0.0
6.8500000000000005 0.0
6.95 0.0
7.050000000000001 0.0
7.15 0.0
7.25 0.0
7.3500000000000005 0.0
7.45 0.0
7.550000000000001 0.0
7.65 0.0
7.75 0.0
7.8500000000000005 0.0
7.95 0.0
8.05 0.0
8.15 0.0
8.25 0.0
8.35 0.0
8.450000000000001 0.0
8.55 0.0
8.65 0.0
8.75 0.0
8.85 0.0
8.950000000000001 0.0
9.05 0.0
9.15 0.0
9.25 0.0
9.35 0.0
9.450000000000001 0.0
9.55 0.0
9.65 0.0
9.75 0.0
9.850000000000001 0.0
9.950000000000001 0.0
10.05 0.0
10.15 0.0
10.25 0.0
10.350000000000001 0.0
10.450000000000001 0.0
10.55 0.0
10.65 0.0
10.75 0.0
10.850000000000001 0.0
10.950000000000001 0.0
11.05 0.0
11.15 0.0
11.25 0.0
11.350000000000001 0.0
11.450000000000001 0.0
11.55 0.0
11.65 0.0
11.75 0.0
11.850000000000001 0.0
11.950000000000001 0.0
12.05 0.0
12.15 0.0
12.25 0.0
12.350000000000001 0.0
12.450000000000001 0.0
12.55 0.0
12.65 0.0
12.75 0.0
12.850000000000001 0.0
12.950000000000001 0.0
13.05 0.0
13.15 0.0
13.25 0.0
13.350000000000001 0.0
13.450000000000001 0.0
13.55 0.0
13.65 0.0
13.75 0.0
13.850000000000001 0.0
13.950000000000001 0.0
14.05 0.0
14.15 0.0
14.25 0.0
14.350000000000001 0.0
14.450000000000001 0.0
14.55 0.0
14.65 0.0
14.75 0.0
14.850000000000001 0.0
14.950000000000001 0.0
15.05 0.0
15.15 0.0
15.25 0.0
15.350000000000001 0.0
15.450000000000001 0.0
15.55 0.0
15.65 0.0
15.75 0.0
15.850000000000001 0.0
15.950000000000001 0.0
16.05 0.0
16.150000000000002 0.0
16.25 0.0
16.35 0.0
16.45 0.0
16.55 0.0
16.650000000000002 0.0
16.75 0.0
16.85 0.0
16.95 0.0
17.05 0.0
17.150000000000002 0.0
17.25 0.0
17.35 0.0
17.45 0.0
17.55 0.0
17.650000000000002 0.0
17.75 0.0
17.85 0.0
17.95 0.0
18.05 0.0
18.150000000000002 0.0
18.25 0.0
18.35 0.0
18.45 0.0
18.55 0.0
18.650000000000002 0.0
18.75 0.0
18.85 0.0
18.95 0.0
19.05 0.0
19.150000000000002 0.0
19.25 0.0
19.35 0.0
19.450000000000003 0.0
19.55 0.0
19.650000000000002 0.0
19.75 0.0
19.85 0.0
19.950000000000003 0.0
20.05 0.0
20.150000000000002 0.0
20.25 0.0
20.35 0.0
20.450000000000003 0.0
20.55 0.0
20.650000000000002 0.0
20.75 0.0
20.85 0.0
20.950000000000003 0.0
21.05 0.0
21.150000000000002 0.0
21.25 0.0
21.35 0.0
21.450000000000003 0.0
21.55 0.0
21.650000000000002 0.0
21.75 0.0
21.85 0.0
21.950000000000003 0.0
22.05 0.0
22.150000000000002 0.0
22.25 0.0
22.35 0.0
22.450000000000003 0.0
22.55 0.0
22.650000000000002 0.0
22.75 0.0
22.85 0.0
22.950000000000003 0.0
23.05 0.0
23.150000000000002 0.0
23.25 0.0
23.35 0.0
23.450000000000003 0.0
23.55 0.0
23.650000000000002 0.0
23.75 0.0
23.85 0.0
23.950000000000003 0.0
24.05 0.0
24.150000000000002 0.0
24.25 0.0
24.35 0.0
24.450000000000003 0.0
24.55 0.0
24.650000000000002 0.0
24.75 0.0
24.85 0.0
24.950000000000003 0.0
25.05 0.0
25.150000000000002 0.0
25.25 0.0
25.35 0.0
25.450000000000003 0.0
25.55 0.0
25.650000000000002 0.0
25.75 0.0
25.85 0.0
25.950000000000003 0.0
26.05 0.0
26.150000000000002 0.0
26.25 0.0
26.35 0.0
26.450000000000003 0.0
26.55 0.0
26.650000000000002 0.0
26.75 0.0
26.85 0.0
26.950000000000003 0.0
27.05 0.0
27.150000000000002 0.0
27.25 0.0
27.35 0.0
27.450000000000003 0.0
27.55 0.0
27.650000000000002 0.0
27.75 0.0
27.85 0.0
27.950000000000003 0.0
28.05 0.0
28.150000000000002 0.0
28.25 0.0
28.35 0.0
28.450000000000003 0.0
28.55 0.0
28.650000000000002 0.0
28.75 0.0
28.85 0.0
28.950000000000003 0.0
29.05 0.0
29.150000000000002 0.0
29.25 0.0
29.35 0.0
29.450000000000003 0.0
29.55 0.0
29.650000000000002 0.0
29.75 0.0
29.85 0.0
29.950000000000003 0.0
30.05 0.0
30.150000000000002 0.0
30.25 0.0
30.35 0.0
30.450000000000003 0.0
30.55 0.0
30.650000000000002 0.0
30.75 0.0
30.85 0.0
30.950000000000003 0.0
31.05 0.0
31.150000000000002 0.0
31.25 0.0
31.35 0.0
31.450000000000003 0.0
31.55 0.0
31.650000000000002 0.0
31.75 0.0
31.85 0.0
31.950000000000003 0.0
32.050000000000004 0.0
32.15 0.0
32.25 0.0
32.35 0.0
32.45 0.0
32.550000000000004 0.0
32.65 0.0
32.75 0.0
32.85 0.0
32.95 0.0
33.050000000000004 0.0
33.15 0.0
33.25 0.0
33.35 0.0
33.45 0.0
33.550000000000004 0.0
33.65 0.0
33.75 0.0
33.85 0.0
33.95 0.0
34.050000000000004 0.0
34.15 0.0
34.25 0.0
34.35 0.0
34.45 0.0
34.550000000000004 0.0
34.65 0.0
34.75 0.0
34.85 0.0
34.95 0.0
35.050000000000004 0.0
35.15 0.0
35.25 0.0
35.35 0.0
35.45 0.0
35.550000000000004 0.02617186534316906
35.65 0.026025244633362643
35.75 0.07767857497021755
35.85 0.12885092666231035
35.95 0.10247134839104888
36.050000000000004 0.2038025774669567
36.15 0.2533260398388125
36.25 0.32761997877113336
36.35 0.5012177919541787
36.45 0.7726270220389012
36.550000000000004 0.7929856696007557
36.65 1.2815974107358454
36.75 1.593445376752232
36.85 1.584867056920969
36.95 2.3038541998061866
37.050000000000004 3.135760586234457
37.15 3.8390529444567463
37.25 4.582134105208663
37.35 5.483213680007129
37.45 7.082806809452199
37.550000000000004 8.384022719040649
37.65 9.016627504979626
37.75 10.08419688198649
37.85 11.69545825636453
37.95 13.335866514432931
38.050000000000004 14.706782017319167
38.15 17.22361801151646
38.25 18.558906724300066
38.35 20.80328962962605
38.45 21.77124679194347
38.550000000000004 22.349582811784238
38.650000000000006 25.40334873997732
38.75 26.640075066295587
38.85 27.05064574788555
38.95 28.61526907646325
39.050000000000004 30.663248139433588
39.150000000000006 31.348177856096008
39.25 34.434632867489434
39.35 33.23314039907591
39.45 35.61746193799989
39.550000000000004 35.6914726611241
39.650000000000006 37.53495100434499
39.75 38.267779585308446
39.85 39.7025406594149
39.95 40.189510100228816
40.050000000000004 40.71049242027282
40.150000000000006 43.32392439855749
40.25 41.12554818973745
40.35 43.56540316347573
40.45 43.02678117758893
40.550000000000004 42.57197599524475
40.650000000000006 43.385310027608384
40.75 45.52609327908251
40.85 44.33150170709327
40.95 43.38357854733039
41.050000000000004 42.72100230527206
41.150000000000006 42.51412630113413
41.25 41.39313857131888
41.35 42.1428591536291
41.45 40.05086378842626
41.550000000000004 39.397198390820144
41.650000000000006 39.20877599785178
41.75 37.063741146786974
41.85 34.61801769412663
41.95 33.813037880674926
42.050000000000004 33.166628693040415
42.150000000000006 30.36162969453934
42.25 28.884271086239007
42.35 26.64323383718437
42.45 25.524016880045107
42.550000000000004 24.965471685565802
42.650000000000006 21.990940575080018
42.75 21.760871868399448
42.85 20.541061904894427
42.95 19.637760192025294
43.050000000000004 17.58196827853743
43.150000000000006 16.130729467601718
43.25 15.84448803071487
43.35 14.061907570535071
43.45 13.505486121390502
43.550000000000004 12.291457437357863
43.650000000000006 10.792343370400106
43.75 10.63927509920096
43.85 9.248009015671915
43.95 8.537636342631025
44.050000000000004 7.474385693845188
44.150000000000006 6.353551203660505
44.25 5.462304958807889
44.35 4.3096490154270874
44.45 4.1565083296704355
44.550000000000004 3.186686323054702
44.650000000000006 3.0067337228371764
44.75 2.050378396282813
44.85 1.7944096363005602
44.95 1.6061926104521325
45.050000000000004 1.1096251135341155
45.150000000000006 0.8284297878189485
45.25 0.4529469877154454
45.35 0.40256233255533286
45.45 0.38475565054502864
45.550000000000004 0.19151853527119295
45.650000000000006 0.19068915898943004
45.75 0.11072439433918738
45.85 0.07874837961990327
45.95 0.0784041968225497
46.050000000000004 0.0
46.150000000000006 0.0
46.25 0.0
46.35 0.0
46.45 0.0
46.550000000000004 0.0
46.650000000000006 0.0
46.75 0.0
46.85 0.0
46.95 0.0
47.050000000000004 0.0
47.150000000000006 0.0
47.25 0.0
47.35 0.0
47.45 0.0
47.550000000000004 0.0
47.650000000000006 0.0
47.75 0.0
47.85 0.0
47.95 0.0
48.050000000000004 0.0
48.150000000000006 0.0
48.25 0.0
48.35 0.0
48.45 0.0
48.550000000000004 0.0
48.650000000000006 0.0
48.75 0.0
48.85 0.0
48.95 0.0
49.050000000000004 0.0
49.150000000000006 0.0
49.25 0.0
49.35 0.0
49.45 0.0
49.550000000000004 0.0
49.650000000000006 0.0
49.75 0.0
49.85 0.0
49.95 0.0
50.050000000000004 0.0
50.150000000000006 0.0
50.25 0.0
50.35 0.0
50.45 0.0
50.550000000000004 0.0
50.650000000000006 0.0
50.75 0.0
50.85 0.0
50.95 0.0
51.050000000000004 0.0
51.150000000000006 0.0
51.25 0.0
51.35 0.0
51.45 0.0
51.550000000000004 0.0
51.650000000000006 0.0
51.75 0.0
51.85 0.0
51.95 0.0
52.050000000000004 0.0
52.150000000000006 0.0
52.25 0.0
52.35 0.0
52.45 0.0
52.550000000000004 0.0
52.650000000000006 0.0
52.75 0.0
52.85 0.0
52.95 0.0
53.050000000000004 0.0
53.150000000000006 0.0
53.25 0.0
53.35 0.0
53.45 0.0
53.550000000000004 0.0
53.650000000000006 0.0
53.75 0.0
53.85 0.0
53.95 0.0
54.050000000000004 0.0
54.150000000000006 0.0
54.25 0.0
54.35 0.0
54.45 0.0
54.550000000000004 0.0
54.650000000000006 0.0
54.75 0.0
54.85 0.0
54.95 0.0
55.050000000000004 0.0
55.150000000000006 0.0
55.25 0.0
55.35 0.0
55.45 0.0
55.550000000000004 0.0
55.650000000000006 0.0
55.75 0.0
55.85 0.0
55.95 0.0
56.050000000000004 0.0
56.150000000000006 0.0
56.25 0.0
56.35 0.0
56.45 0.0
56.550000000000004 0.0
56.650000000000006 0.0
56.75 0.0
56.85 0.0
56.95 0.0
57.050000000000004 0.0
57.150000000000006 0.0
57.25 0.0
57.35 0.0
57.45 0.0
57.550000000000004 0.0
57.650000000000006 0.0
57.75 0.0
57.85 0.0
57.95 0.0
58.050000000000004 0.0
58.150000000000006 0.0
58.25 0.0
58.35 0.0
58.45 0.0
58.550000000000004 0.0
58.650000000000006 0.0
58.75 0.0
58.85 0.0
58.95 0.0
59.050000000000004 0.0
59.150000000000006 0.0
59.25 0.0
59.35 0.0
59.45 0.0
59.550000000000004 0.0
59.650000000000006 0.0
59.75 0.0
59.85 0.0
59.95 0.0
60.050000000000004 0.0
60.150000000000006 0.0
60.25 0.0
60.35 0.0
60.45 0.0
60.550000000000004 0.0
60.650000000000006 0.0
60.75 0.0
60.85 0.0
60.95 0.0
61.050000000000004 0.0
61.150000000000006 0.0
61.25 0.0
61.35 0.0
61.45 0.0
61.550000000000004 0.0
61.650000000000006 0.0
61.75 0.0
61.85 0.0
61.95 0.0
62.050000000000004 0.0
62.150000000000006 0.0
62.25 0.0
62.35 0.0
62.45 0.0
62.550000000000004 0.0
62.650000000000006 0.0
62.75 0.0
62.85 0.0
62.95 0.0
63.050000000000004 0.0
63.150000000000006 0.0
63.25 0.0
63.35 0.0
63.45 0.0
63.550000000000004 0.0
63.650000000000006 0.0
63.75 0.0
63.85 0.0
63.95 0.0
64.05 0.0
64.15 0.0
64.25 0.0
64.35000000000001 0.0
64.45 0.0
64.55 0.0
64.65 0.0
64.75 0.0
64.85000000000001 0.0
64.95 0.0
65.05 0.0
65.15 0.0
65.25 0.0
65.35000000000001 0.0
65.45 0.0
65.55 0.0
65.65 0.0
65.75 0.0
65.85000000000001 0.0
65.95 0.0
66.05 0.0
66.15 0.0
66.25 0.0
66.35000000000001 0.0
66.45 0.0
66.55 0.0
66.65 0.0
66.75 0.0
66.85000000000001 0.0
66.95 0.0
67.05 0.0
67.15 0.0
67.25 0.0
67.35000000000001 0.0
67.45 0.0
67.55 0.0
67.65 0.0
67.75 0.0
67.85000000000001 0.0
67.95 0.0
68.05 0.0
68.15 0.0
68.25 0.0
68.35000000000001 0.0
68.45 0.0
68.55 0.0
68.65 0.0
68.75 0.0
68.85000000000001 0.0
68.95 0.0
69.05 0.0
69.15 0.0
69.25 0.0
69.35000000000001 0.0
69.45 0.0
69.55 0.0
69.65 0.0
69.75 0.0
69.85000000000001 0.0
69.95 0.0
70.05 0.0
70.15 0.0
70.25 0.0
70.35000000000001 0.0
70.45 0.0
70.55 0.0
70.65 0.0
70.75 0.0
70.85000000000001 0.0
70.95 0.0
71.05 0.0
71.15 0.0
71.25 0.0
71.35000000000001 0.0
71.45 0.0
71.55 0.0
71.65 0.0
71.75 0.0
71.85000000000001 0.0
71.95 0.0
72.05 0.0
72.15 0.0
72.25 0.0
72.35000000000001 0.0
72.45 0.0
72.55 0.0
72.65 0.0
72.75 0.0
72.85000000000001 0.0
72.95 0.0
73.05 0.0
73.15 0.0
73.25 0.0
73.35000000000001 0.0
73.45 0.0
73.55 0.0
73.65 0.0
73.75 0.0
73.85000000000001 0.0
73.95 0.0
74.05 0.0
74.15 0.0
74.25 0.0
74.35000000000001 0.0
74.45 0.0
74.55 0.0
74.65 0.0
74.75 0.0
74.85000000000001 0.0
74.95 0.0
75.05 0.0
75.15 0.0
75.25 0.0
75.35000000000001 0.0
75.45 0.0
75.55 0.0
75.65 0.0
75.75 0.0
75.85000000000001 0.0
75.95 0.0
76.05 0.0
76.15 0.0
76.25 0.0
76.35000000000001 0.0
76.45 0.0
76.55 0.0
76.65 0.0
76.75 0.0
76.85000000000001 0.0
76.95 0.0
77.05000000000001 0.0
77.15 0.0
77.25 0.0
77.35000000000001 0.0
77.45 0.0
77.55000000000001 0.0
77.65 0.0
77.75 0.0
77.85000000000001 0.0
77.95 0.0
78.05000000000001 0.0
78.15 0.0
78.25 0.0
78.35000000000001 0.0
78.45 0.0
78.55000000000001 0.0
78.65 0.0
78.75 0.0
78.85000000000001 0.0
78.95 0.0
79.05000000000001 0.0
79.15 0.0
79.25 0.0
79.35000000000001 0.0
79.45 0.0
79.55000000000001 0.0
79.65 0.0
79.75 0.0
79.85000000000001 0.0
79.95 0.0
80.05000000000001 0.0
80.15 0.0
80.25 0.0
80.35000000000001 0.0
80.45 0.0
80.55000000000001 0.0
80.65 0.0
80.75 0.0
80.85000000000001 0.0
80.95 0.0
81.05000000000001 0.0
81.15 0.0
81.25 0.0
81.35000000000001 0.0
81.45 0.0
81.55000000000001 0.0
81.65 0.0
81.75 0.0
81.85000000000001 0.0
81.95 0.0
82.05000000000001 0.0
82.15 0.0
82.25 0.0
82.35000000000001 0.0
82.45 0.0
82.55000000000001 0.0
82.65 0.0
82.75 0.0
82.85000000000001 0.0
82.95 0.0
83.05000000000001 0.0
83.15 0.0
83.25 0.0
83.35000000000001 0.0
83.45 0.0
83.55000000000001 0.0
83.65 0.0
83.75 0.0
83.85000000000001 0.0
83.95 0.0
84.05000000000001 0.0
84.15 0.0
84.25 0.0
84.35000000000001 0.0
84.45 0.0
84.55000000000001 0.0
84.65 0.0
84.75 0.0
84.85000000000001 0.0
84.95 0.0
85.05000000000001 0.0
85.15 0.0
85.25 0.0
85.35000000000001 0.0
85.45 0.0
85.55000000000001 0.0
85.65 0.0
85.75 0.0
85.85000000000001 0.0
85.95 0.0
86.05000000000001 0.0
86.15 0.0
86.25 0.0
86.35000000000001 0.0
86.45 0.0
86.55000000000001 0.0
86.65 0.0
86.75 0.0
86.85000000000001 0.0
86.95 0.0
87.05000000000001 0.0
87.15 0.0
87.25 0.0
87.35000000000001 0.0
87.45 0.0
87.55000000000001 0.0
87.65 0.0
87.75 0.0
87.85000000000001 0.0
87.95 0.0
88.05000000000001 0.0
88.15 0.0
88.25 0.0
88.35000000000001 0.0
88.45 0.0
88.55000000000001 0.0
88.65 0.0
88.75 0.0
88.85000000000001 0.0
88.95 0.0
89.05000000000001 0.0
89.15 0.0
89.25 0.0
89.35000000000001 0.0
89.45 0.0
89.55000000000001 0.0
89.65 0.0
89.75 0.0
89.85000000000001 0.0
89.95 0.0
90.05000000000001 0.0
90.15 0.0
90.25 0.0
90.35000000000001 0.0
90.45 0.0
90.55000000000001 0.0
90.65 0.0
90.75 0.0
90.85000000000001 0.0
90.95 0.0
91.05000000000001 0.0
91.15 0.0
91.25 0.0
91.35000000000001 0.0
91.45 0.0
91.55000000000001 0.0
91.65 0.0
91.75 0.0
91.85000000000001 0.0
91.95 0.0
92.05000000000001 0.0
92.15 0.0
92.25 0.0
92.35000000000001 0.0
92.45 0.0
92.55000000000001 0.0
92.65 0.0
92.75 0.0
92.85000000000001 0.0
92.95 0.0
93.05000000000001 0.0
93.15 0.0
93.25 0.0
93.35000000000001 0.0
93.45 0.0
93.55000000000001 0.0
93.65 0.0
93.75 0.0
93.85000000000001 0.0
93.95 0.0
94.05000000000001 0.0
94.15 0.0
94.25 0.0
94.35000000000001 0.0
94.45 0.0
94.55000000000001 0.0
94.65 0.0
94.75 0.0
94.85000000000001 0.0
94.95 0.0
95.05000000000001 0.0
95.15 0.0
95.25 0.0
95.35000000000001 0.0
95.45 0.0
95.55000000000001 0.0
95.65 0.0
95.75 0.0
95.85000000000001 0.0
95.95 0.0
96.05000000000001 0.0
96.15 0.0
96.25 0.0
96.35000000000001 0.0
96.45 0.0
96.55000000000001 0.0
96.65 0.0
96.75 0.0
96.85000000000001 0.0
96.95 0.0
97.05000000000001 0.0
97.15 0.0
97.25 0.0
97.35000000000001 0.0
97.45 0.0
97.55000000000001 0.0
97.65 0.0
97.75 0.0
97.85000000000001 0.0
97.95 0.0
98.05000000000001 0.0
98.15 0.0
98.25 0.0
98.35000000000001 0.0
98.45 0.0
98.55000000000001 0.0
98.65 0.0
98.75 0.0
98.85000000000001 0.0
98.95 0.0
99.05000000000001 0.0
99.15 0.0
99.25 0.0
99.35000000000001 0.0
99.45 0.0
99.55000000000001 0.0
99.65 0.0
99.75 0.0
99.85000000000001 0.0
99.95 0.0
100.05000000000001 0.0